2 3 6 9 12 5 8 11 10 13 4 7 2
2 3 6 9 12 5 8 11 10 13 7 4 2
2 3 6 9 12 5 8 11 13 10 4 7 2
2 3 6 9 12 5 8 11 13 10 7 4 2
2 3 6 9 12 5 11 8 10 13 4 7 2
2 3 6 9 12 5 11 8 10 13 7 4 2
2 3 6 9 12 5 11 8 13 10 4 7 2
2 3 6 9 12 5 11 8 13 10 7 4 2
2 3 6 9 12 8 11 5 10 13 4 7 2
2 3 6 9 12 8 11 5 10 13 7 4 2
2 3 6 9 12 8 11 5 13 10 4 7 2
2 3 6 9 12 8 11 5 13 10 7 4 2
2 3 6 9 12 11 8 5 10 13 4 7 2
2 3 6 9 12 11 8 5 10 13 7 4 2
2 3 6 9 12 11 8 5 13 10 4 7 2
2 3 6 9 12 11 8 5 13 10 7 4 2
2 3 6 12 9 5 8 11 10 13 4 7 2
2 3 6 12 9 5 8 11 10 13 7 4 2
2 3 6 12 9 5 8 11 13 10 4 7 2
2 3 6 12 9 5 8 11 13 10 7 4 2
2 3 6 12 9 5 11 8 10 13 4 7 2
2 3 6 12 9 5 11 8 10 13 7 4 2
2 3 6 12 9 5 11 8 13 10 4 7 2
2 3 6 12 9 5 11 8 13 10 7 4 2
2 3 6 12 9 8 11 5 10 13 4 7 2
2 3 6 12 9 8 11 5 10 13 7 4 2
2 3 6 12 9 8 11 5 13 10 4 7 2
2 3 6 12 9 8 11 5 13 10 7 4 2
2 3 6 12 9 11 8 5 10 13 4 7 2
2 3 6 12 9 11 8 5 10 13 7 4 2
2 3 6 12 9 11 8 5 13 10 4 7 2
2 3 6 12 9 11 8 5 13 10 7 4 2
2 4 7 10 13 5 8 11 9 12 3 6 2
2 4 7 10 13 5 8 11 9 12 6 3 2
2 4 7 10 13 5 8 11 12 9 3 6 2
2 4 7 10 13 5 8 11 12 9 6 3 2
2 4 7 10 13 5 11 8 9 12 3 6 2
2 4 7 10 13 5 11 8 9 12 6 3 2
2 4 7 10 13 5 11 8 12 9 3 6 2
2 4 7 10 13 5 11 8 12 9 6 3 2
2 4 7 10 13 8 11 5 9 12 3 6 2
2 4 7 10 13 8 11 5 9 12 6 3 2
2 4 7 10 13 8 11 5 12 9 3 6 2
2 4 7 10 13 8 11 5 12 9 6 3 2
2 4 7 10 13 11 8 5 9 12 3 6 2
2 4 7 10 13 11 8 5 9 12 6 3 2
2 4 7 10 13 11 8 5 12 9 3 6 2
2 4 7 10 13 11 8 5 12 9 6 3 2
2 4 7 13 10 5 8 11 9 12 3 6 2
2 4 7 13 10 5 8 11 9 12 6 3 2
2 4 7 13 10 5 8 11 12 9 3 6 2
2 4 7 13 10 5 8 11 12 9 6 3 2
2 4 7 13 10 5 11 8 9 12 3 6 2
2 4 7 13 10 5 11 8 9 12 6 3 2
2 4 7 13 10 5 11 8 12 9 3 6 2
2 4 7 13 10 5 11 8 12 9 6 3 2
2 4 7 13 10 8 11 5 9 12 3 6 2
2 4 7 13 10 8 11 5 9 12 6 3 2
2 4 7 13 10 8 11 5 12 9 3 6 2
2 4 7 13 10 8 11 5 12 9 6 3 2
2 4 7 13 10 11 8 5 9 12 3 6 2
2 4 7 13 10 11 8 5 9 12 6 3 2
2 4 7 13 10 11 8 5 12 9 3 6 2
2 4 7 13 10 11 8 5 12 9 6 3 2
2 6 3 9 12 5 8 11 10 13 4 7 2
2 6 3 9 12 5 8 11 10 13 7 4 2
2 6 3 9 12 5 8 11 13 10 4 7 2
2 6 3 9 12 5 8 11 13 10 7 4 2
2 6 3 9 12 5 11 8 10 13 4 7 2
2 6 3 9 12 5 11 8 10 13 7 4 2
2 6 3 9 12 5 11 8 13 10 4 7 2
2 6 3 9 12 5 11 8 13 10 7 4 2
2 6 3 9 12 8 11 5 10 13 4 7 2
2 6 3 9 12 8 11 5 10 13 7 4 2
2 6 3 9 12 8 11 5 13 10 4 7 2
2 6 3 9 12 8 11 5 13 10 7 4 2
2 6 3 9 12 11 8 5 10 13 4 7 2
2 6 3 9 12 11 8 5 10 13 7 4 2
2 6 3 9 12 11 8 5 13 10 4 7 2
2 6 3 9 12 11 8 5 13 10 7 4 2
2 6 3 12 9 5 8 11 10 13 4 7 2
2 6 3 12 9 5 8 11 10 13 7 4 2
2 6 3 12 9 5 8 11 13 10 4 7 2
2 6 3 12 9 5 8 11 13 10 7 4 2
2 6 3 12 9 5 11 8 10 13 4 7 2
2 6 3 12 9 5 11 8 10 13 7 4 2
2 6 3 12 9 5 11 8 13 10 4 7 2
2 6 3 12 9 5 11 8 13 10 7 4 2
2 6 3 12 9 8 11 5 10 13 4 7 2
2 6 3 12 9 8 11 5 10 13 7 4 2
2 6 3 12 9 8 11 5 13 10 4 7 2
2 6 3 12 9 8 11 5 13 10 7 4 2
2 6 3 12 9 11 8 5 10 13 4 7 2
2 6 3 12 9 11 8 5 10 13 7 4 2
2 6 3 12 9 11 8 5 13 10 4 7 2
2 6 3 12 9 11 8 5 13 10 7 4 2
2 7 4 10 13 5 8 11 9 12 3 6 2
2 7 4 10 13 5 8 11 9 12 6 3 2
2 7 4 10 13 5 8 11 12 9 3 6 2
2 7 4 10 13 5 8 11 12 9 6 3 2
2 7 4 10 13 5 11 8 9 12 3 6 2
2 7 4 10 13 5 11 8 9 12 6 3 2
2 7 4 10 13 5 11 8 12 9 3 6 2
2 7 4 10 13 5 11 8 12 9 6 3 2
2 7 4 10 13 8 11 5 9 12 3 6 2
2 7 4 10 13 8 11 5 9 12 6 3 2
2 7 4 10 13 8 11 5 12 9 3 6 2
2 7 4 10 13 8 11 5 12 9 6 3 2
2 7 4 10 13 11 8 5 9 12 3 6 2
2 7 4 10 13 11 8 5 9 12 6 3 2
2 7 4 10 13 11 8 5 12 9 3 6 2
2 7 4 10 13 11 8 5 12 9 6 3 2
2 7 4 13 10 5 8 11 9 12 3 6 2
2 7 4 13 10 5 8 11 9 12 6 3 2
2 7 4 13 10 5 8 11 12 9 3 6 2
2 7 4 13 10 5 8 11 12 9 6 3 2
2 7 4 13 10 5 11 8 9 12 3 6 2
2 7 4 13 10 5 11 8 9 12 6 3 2
2 7 4 13 10 5 11 8 12 9 3 6 2
2 7 4 13 10 5 11 8 12 9 6 3 2
2 7 4 13 10 8 11 5 9 12 3 6 2
2 7 4 13 10 8 11 5 9 12 6 3 2
2 7 4 13 10 8 11 5 12 9 3 6 2
2 7 4 13 10 8 11 5 12 9 6 3 2
2 7 4 13 10 11 8 5 9 12 3 6 2
2 7 4 13 10 11 8 5 9 12 6 3 2
2 7 4 13 10 11 8 5 12 9 3 6 2
2 7 4 13 10 11 8 5 12 9 6 3 2
1 3 6 9 12 5 8 11 10 13 4 7 1
1 3 6 9 12 5 8 11 10 13 7 4 1
1 3 6 9 12 5 8 11 13 10 4 7 1
1 3 6 9 12 5 8 11 13 10 7 4 1
1 3 6 9 12 5 11 8 10 13 4 7 1
1 3 6 9 12 5 11 8 10 13 7 4 1
1 3 6 9 12 5 11 8 13 10 4 7 1
1 3 6 9 12 5 11 8 13 10 7 4 1
1 3 6 9 12 8 11 5 10 13 4 7 1
1 3 6 9 12 8 11 5 10 13 7 4 1
1 3 6 9 12 8 11 5 13 10 4 7 1
1 3 6 9 12 8 11 5 13 10 7 4 1
1 3 6 9 12 11 8 5 10 13 4 7 1
1 3 6 9 12 11 8 5 10 13 7 4 1
1 3 6 9 12 11 8 5 13 10 4 7 1
1 3 6 9 12 11 8 5 13 10 7 4 1
1 3 6 12 9 5 8 11 10 13 4 7 1
1 3 6 12 9 5 8 11 10 13 7 4 1
1 3 6 12 9 5 8 11 13 10 4 7 1
1 3 6 12 9 5 8 11 13 10 7 4 1
1 3 6 12 9 5 11 8 10 13 4 7 1
1 3 6 12 9 5 11 8 10 13 7 4 1
1 3 6 12 9 5 11 8 13 10 4 7 1
1 3 6 12 9 5 11 8 13 10 7 4 1
1 3 6 12 9 8 11 5 10 13 4 7 1
1 3 6 12 9 8 11 5 10 13 7 4 1
1 3 6 12 9 8 11 5 13 10 4 7 1
1 3 6 12 9 8 11 5 13 10 7 4 1
1 3 6 12 9 11 8 5 10 13 4 7 1
1 3 6 12 9 11 8 5 10 13 7 4 1
1 3 6 12 9 11 8 5 13 10 4 7 1
1 3 6 12 9 11 8 5 13 10 7 4 1
1 4 7 10 13 5 8 11 9 12 3 6 1
1 4 7 10 13 5 8 11 9 12 6 3 1
1 4 7 10 13 5 8 11 12 9 3 6 1
1 4 7 10 13 5 8 11 12 9 6 3 1
1 4 7 10 13 5 11 8 9 12 3 6 1
1 4 7 10 13 5 11 8 9 12 6 3 1
1 4 7 10 13 5 11 8 12 9 3 6 1
1 4 7 10 13 5 11 8 12 9 6 3 1
1 4 7 10 13 8 11 5 9 12 3 6 1
1 4 7 10 13 8 11 5 9 12 6 3 1
1 4 7 10 13 8 11 5 12 9 3 6 1
1 4 7 10 13 8 11 5 12 9 6 3 1
1 4 7 10 13 11 8 5 9 12 3 6 1
1 4 7 10 13 11 8 5 9 12 6 3 1
1 4 7 10 13 11 8 5 12 9 3 6 1
1 4 7 10 13 11 8 5 12 9 6 3 1
1 4 7 13 10 5 8 11 9 12 3 6 1
1 4 7 13 10 5 8 11 9 12 6 3 1
1 4 7 13 10 5 8 11 12 9 3 6 1
1 4 7 13 10 5 8 11 12 9 6 3 1
1 4 7 13 10 5 11 8 9 12 3 6 1
1 4 7 13 10 5 11 8 9 12 6 3 1
1 4 7 13 10 5 11 8 12 9 3 6 1
1 4 7 13 10 5 11 8 12 9 6 3 1
1 4 7 13 10 8 11 5 9 12 3 6 1
1 4 7 13 10 8 11 5 9 12 6 3 1
1 4 7 13 10 8 11 5 12 9 3 6 1
1 4 7 13 10 8 11 5 12 9 6 3 1
1 4 7 13 10 11 8 5 9 12 3 6 1
1 4 7 13 10 11 8 5 9 12 6 3 1
1 4 7 13 10 11 8 5 12 9 3 6 1
1 4 7 13 10 11 8 5 12 9 6 3 1
1 6 3 9 12 5 8 11 10 13 4 7 1
1 6 3 9 12 5 8 11 10 13 7 4 1
1 6 3 9 12 5 8 11 13 10 4 7 1
1 6 3 9 12 5 8 11 13 10 7 4 1
1 6 3 9 12 5 11 8 10 13 4 7 1
1 6 3 9 12 5 11 8 10 13 7 4 1
1 6 3 9 12 5 11 8 13 10 4 7 1
1 6 3 9 12 5 11 8 13 10 7 4 1
1 6 3 9 12 8 11 5 10 13 4 7 1
1 6 3 9 12 8 11 5 10 13 7 4 1
1 6 3 9 12 8 11 5 13 10 4 7 1
1 6 3 9 12 8 11 5 13 10 7 4 1
1 6 3 9 12 11 8 5 10 13 4 7 1
1 6 3 9 12 11 8 5 10 13 7 4 1
1 6 3 9 12 11 8 5 13 10 4 7 1
1 6 3 9 12 11 8 5 13 10 7 4 1
1 6 3 12 9 5 8 11 10 13 4 7 1
1 6 3 12 9 5 8 11 10 13 7 4 1
1 6 3 12 9 5 8 11 13 10 4 7 1
1 6 3 12 9 5 8 11 13 10 7 4 1
1 6 3 12 9 5 11 8 10 13 4 7 1
1 6 3 12 9 5 11 8 10 13 7 4 1
1 6 3 12 9 5 11 8 13 10 4 7 1
1 6 3 12 9 5 11 8 13 10 7 4 1
1 6 3 12 9 8 11 5 10 13 4 7 1
1 6 3 12 9 8 11 5 10 13 7 4 1
1 6 3 12 9 8 11 5 13 10 4 7 1
1 6 3 12 9 8 11 5 13 10 7 4 1
1 6 3 12 9 11 8 5 10 13 4 7 1
1 6 3 12 9 11 8 5 10 13 7 4 1
1 6 3 12 9 11 8 5 13 10 4 7 1
1 6 3 12 9 11 8 5 13 10 7 4 1
1 7 4 10 13 5 8 11 9 12 3 6 1
1 7 4 10 13 5 8 11 9 12 6 3 1
1 7 4 10 13 5 8 11 12 9 3 6 1
1 7 4 10 13 5 8 11 12 9 6 3 1
1 7 4 10 13 5 11 8 9 12 3 6 1
1 7 4 10 13 5 11 8 9 12 6 3 1
1 7 4 10 13 5 11 8 12 9 3 6 1
1 7 4 10 13 5 11 8 12 9 6 3 1
1 7 4 10 13 8 11 5 9 12 3 6 1
1 7 4 10 13 8 11 5 9 12 6 3 1
1 7 4 10 13 8 11 5 12 9 3 6 1
1 7 4 10 13 8 11 5 12 9 6 3 1
1 7 4 10 13 11 8 5 9 12 3 6 1
1 7 4 10 13 11 8 5 9 12 6 3 1
1 7 4 10 13 11 8 5 12 9 3 6 1
1 7 4 10 13 11 8 5 12 9 6 3 1
1 7 4 13 10 5 8 11 9 12 3 6 1
1 7 4 13 10 5 8 11 9 12 6 3 1
1 7 4 13 10 5 8 11 12 9 3 6 1
1 7 4 13 10 5 8 11 12 9 6 3 1
1 7 4 13 10 5 11 8 9 12 3 6 1
1 7 4 13 10 5 11 8 9 12 6 3 1
1 7 4 13 10 5 11 8 12 9 3 6 1
1 7 4 13 10 5 11 8 12 9 6 3 1
1 7 4 13 10 8 11 5 9 12 3 6 1
1 7 4 13 10 8 11 5 9 12 6 3 1
1 7 4 13 10 8 11 5 12 9 3 6 1
1 7 4 13 10 8 11 5 12 9 6 3 1
1 7 4 13 10 11 8 5 9 12 3 6 1
1 7 4 13 10 11 8 5 9 12 6 3 1
1 7 4 13 10 11 8 5 12 9 3 6 1
1 7 4 13 10 11 8 5 12 9 6 3 1
1 2 4 7 10 13 5 8 11 9 12 6 1
1 2 4 7 10 13 5 8 11 12 9 6 1
1 2 4 7 10 13 5 11 8 9 12 6 1
1 2 4 7 10 13 5 11 8 12 9 6 1
1 2 4 7 10 13 8 11 5 9 12 6 1
1 2 4 7 10 13 8 11 5 12 9 6 1
1 2 4 7 10 13 11 8 5 9 12 6 1
1 2 4 7 10 13 11 8 5 12 9 6 1
1 2 4 7 13 10 5 8 11 9 12 6 1
1 2 4 7 13 10 5 8 11 12 9 6 1
1 2 4 7 13 10 5 11 8 9 12 6 1
1 2 4 7 13 10 5 11 8 12 9 6 1
1 2 4 7 13 10 8 11 5 9 12 6 1
1 2 4 7 13 10 8 11 5 12 9 6 1
1 2 4 7 13 10 11 8 5 9 12 6 1
1 2 4 7 13 10 11 8 5 12 9 6 1
1 2 6 9 12 5 8 11 10 13 4 7 1
1 2 6 9 12 5 8 11 10 13 7 4 1
1 2 6 9 12 5 8 11 13 10 4 7 1
1 2 6 9 12 5 8 11 13 10 7 4 1
1 2 6 9 12 5 11 8 10 13 4 7 1
1 2 6 9 12 5 11 8 10 13 7 4 1
1 2 6 9 12 5 11 8 13 10 4 7 1
1 2 6 9 12 5 11 8 13 10 7 4 1
1 2 6 9 12 8 11 5 10 13 4 7 1
1 2 6 9 12 8 11 5 10 13 7 4 1
1 2 6 9 12 8 11 5 13 10 4 7 1
1 2 6 9 12 8 11 5 13 10 7 4 1
1 2 6 9 12 11 8 5 10 13 4 7 1
1 2 6 9 12 11 8 5 10 13 7 4 1
1 2 6 9 12 11 8 5 13 10 4 7 1
1 2 6 9 12 11 8 5 13 10 7 4 1
1 2 6 12 9 5 8 11 10 13 4 7 1
1 2 6 12 9 5 8 11 10 13 7 4 1
1 2 6 12 9 5 8 11 13 10 4 7 1
1 2 6 12 9 5 8 11 13 10 7 4 1
1 2 6 12 9 5 11 8 10 13 4 7 1
1 2 6 12 9 5 11 8 10 13 7 4 1
1 2 6 12 9 5 11 8 13 10 4 7 1
1 2 6 12 9 5 11 8 13 10 7 4 1
1 2 6 12 9 8 11 5 10 13 4 7 1
1 2 6 12 9 8 11 5 10 13 7 4 1
1 2 6 12 9 8 11 5 13 10 4 7 1
1 2 6 12 9 8 11 5 13 10 7 4 1
1 2 6 12 9 11 8 5 10 13 4 7 1
1 2 6 12 9 11 8 5 10 13 7 4 1
1 2 6 12 9 11 8 5 13 10 4 7 1
1 2 6 12 9 11 8 5 13 10 7 4 1
1 2 7 4 10 13 5 8 11 9 12 6 1
1 2 7 4 10 13 5 8 11 12 9 6 1
1 2 7 4 10 13 5 11 8 9 12 6 1
1 2 7 4 10 13 5 11 8 12 9 6 1
1 2 7 4 10 13 8 11 5 9 12 6 1
1 2 7 4 10 13 8 11 5 12 9 6 1
1 2 7 4 10 13 11 8 5 9 12 6 1
1 2 7 4 10 13 11 8 5 12 9 6 1
1 2 7 4 13 10 5 8 11 9 12 6 1
1 2 7 4 13 10 5 8 11 12 9 6 1
1 2 7 4 13 10 5 11 8 9 12 6 1
1 2 7 4 13 10 5 11 8 12 9 6 1
1 2 7 4 13 10 8 11 5 9 12 6 1
1 2 7 4 13 10 8 11 5 12 9 6 1
1 2 7 4 13 10 11 8 5 9 12 6 1
1 2 7 4 13 10 11 8 5 12 9 6 1
1 4 7 10 13 5 8 11 9 12 6 2 1
1 4 7 10 13 5 8 11 12 9 6 2 1
1 4 7 10 13 5 11 8 9 12 6 2 1
1 4 7 10 13 5 11 8 12 9 6 2 1
1 4 7 10 13 8 11 5 9 12 6 2 1
1 4 7 10 13 8 11 5 12 9 6 2 1
1 4 7 10 13 11 8 5 9 12 6 2 1
1 4 7 10 13 11 8 5 12 9 6 2 1
1 4 7 13 10 5 8 11 9 12 6 2 1
1 4 7 13 10 5 8 11 12 9 6 2 1
1 4 7 13 10 5 11 8 9 12 6 2 1
1 4 7 13 10 5 11 8 12 9 6 2 1
1 4 7 13 10 8 11 5 9 12 6 2 1
1 4 7 13 10 8 11 5 12 9 6 2 1
1 4 7 13 10 11 8 5 9 12 6 2 1
1 4 7 13 10 11 8 5 12 9 6 2 1
1 6 9 12 5 8 11 10 13 4 7 2 1
1 6 9 12 5 8 11 10 13 7 4 2 1
1 6 9 12 5 8 11 13 10 4 7 2 1
1 6 9 12 5 8 11 13 10 7 4 2 1
1 6 9 12 5 11 8 10 13 4 7 2 1
1 6 9 12 5 11 8 10 13 7 4 2 1
1 6 9 12 5 11 8 13 10 4 7 2 1
1 6 9 12 5 11 8 13 10 7 4 2 1
1 6 9 12 8 11 5 10 13 4 7 2 1
1 6 9 12 8 11 5 10 13 7 4 2 1
1 6 9 12 8 11 5 13 10 4 7 2 1
1 6 9 12 8 11 5 13 10 7 4 2 1
1 6 9 12 11 8 5 10 13 4 7 2 1
1 6 9 12 11 8 5 10 13 7 4 2 1
1 6 9 12 11 8 5 13 10 4 7 2 1
1 6 9 12 11 8 5 13 10 7 4 2 1
1 6 12 9 5 8 11 10 13 4 7 2 1
1 6 12 9 5 8 11 10 13 7 4 2 1
1 6 12 9 5 8 11 13 10 4 7 2 1
1 6 12 9 5 8 11 13 10 7 4 2 1
1 6 12 9 5 11 8 10 13 4 7 2 1
1 6 12 9 5 11 8 10 13 7 4 2 1
1 6 12 9 5 11 8 13 10 4 7 2 1
1 6 12 9 5 11 8 13 10 7 4 2 1
1 6 12 9 8 11 5 10 13 4 7 2 1
1 6 12 9 8 11 5 10 13 7 4 2 1
1 6 12 9 8 11 5 13 10 4 7 2 1
1 6 12 9 8 11 5 13 10 7 4 2 1
1 6 12 9 11 8 5 10 13 4 7 2 1
1 6 12 9 11 8 5 10 13 7 4 2 1
1 6 12 9 11 8 5 13 10 4 7 2 1
1 6 12 9 11 8 5 13 10 7 4 2 1
1 7 4 10 13 5 8 11 9 12 6 2 1
1 7 4 10 13 5 8 11 12 9 6 2 1
1 7 4 10 13 5 11 8 9 12 6 2 1
1 7 4 10 13 5 11 8 12 9 6 2 1
1 7 4 10 13 8 11 5 9 12 6 2 1
1 7 4 10 13 8 11 5 12 9 6 2 1
1 7 4 10 13 11 8 5 9 12 6 2 1
1 7 4 10 13 11 8 5 12 9 6 2 1
1 7 4 13 10 5 8 11 9 12 6 2 1
1 7 4 13 10 5 8 11 12 9 6 2 1
1 7 4 13 10 5 11 8 9 12 6 2 1
1 7 4 13 10 5 11 8 12 9 6 2 1
1 7 4 13 10 8 11 5 9 12 6 2 1
1 7 4 13 10 8 11 5 12 9 6 2 1
1 7 4 13 10 11 8 5 9 12 6 2 1
1 7 4 13 10 11 8 5 12 9 6 2 1
2 3 6 9 12 5 8 11 10 13 4 7 2
2 3 6 9 12 5 8 11 10 13 7 4 2
2 3 6 9 12 5 8 11 13 10 4 7 2
2 3 6 9 12 5 8 11 13 10 7 4 2
2 3 6 9 12 5 11 8 10 13 4 7 2
2 3 6 9 12 5 11 8 10 13 7 4 2
2 3 6 9 12 5 11 8 13 10 4 7 2
2 3 6 9 12 5 11 8 13 10 7 4 2
2 3 6 9 12 8 11 5 10 13 4 7 2
2 3 6 9 12 8 11 5 10 13 7 4 2
2 3 6 9 12 8 11 5 13 10 4 7 2
2 3 6 9 12 8 11 5 13 10 7 4 2
2 3 6 9 12 11 8 5 10 13 4 7 2
2 3 6 9 12 11 8 5 10 13 7 4 2
2 3 6 9 12 11 8 5 13 10 4 7 2
2 3 6 9 12 11 8 5 13 10 7 4 2
2 3 6 12 9 5 8 11 10 13 4 7 2
2 3 6 12 9 5 8 11 10 13 7 4 2
2 3 6 12 9 5 8 11 13 10 4 7 2
2 3 6 12 9 5 8 11 13 10 7 4 2
2 3 6 12 9 5 11 8 10 13 4 7 2
2 3 6 12 9 5 11 8 10 13 7 4 2
2 3 6 12 9 5 11 8 13 10 4 7 2
2 3 6 12 9 5 11 8 13 10 7 4 2
2 3 6 12 9 8 11 5 10 13 4 7 2
2 3 6 12 9 8 11 5 10 13 7 4 2
2 3 6 12 9 8 11 5 13 10 4 7 2
2 3 6 12 9 8 11 5 13 10 7 4 2
2 3 6 12 9 11 8 5 10 13 4 7 2
2 3 6 12 9 11 8 5 10 13 7 4 2
2 3 6 12 9 11 8 5 13 10 4 7 2
2 3 6 12 9 11 8 5 13 10 7 4 2
2 3 6 9 12 5 8 11 10 13 4 7 2
2 3 6 9 12 5 8 11 10 13 7 4 2
2 3 6 9 12 5 8 11 13 10 4 7 2
2 3 6 9 12 5 8 11 13 10 7 4 2
2 3 6 9 12 5 11 8 10 13 4 7 2
2 3 6 9 12 5 11 8 10 13 7 4 2
2 3 6 9 12 5 11 8 13 10 4 7 2
2 3 6 9 12 5 11 8 13 10 7 4 2
2 3 6 9 12 8 11 5 10 13 4 7 2
2 3 6 9 12 8 11 5 10 13 7 4 2
2 3 6 9 12 8 11 5 13 10 4 7 2
2 3 6 9 12 8 11 5 13 10 7 4 2
2 3 6 9 12 11 8 5 10 13 4 7 2
2 3 6 9 12 11 8 5 10 13 7 4 2
2 3 6 9 12 11 8 5 13 10 4 7 2
2 3 6 9 12 11 8 5 13 10 7 4 2
2 3 6 12 9 5 8 11 10 13 4 7 2
2 3 6 12 9 5 8 11 10 13 7 4 2
2 3 6 12 9 5 8 11 13 10 4 7 2
2 3 6 12 9 5 8 11 13 10 7 4 2
2 3 6 12 9 5 11 8 10 13 4 7 2
2 3 6 12 9 5 11 8 10 13 7 4 2
2 3 6 12 9 5 11 8 13 10 4 7 2
2 3 6 12 9 5 11 8 13 10 7 4 2
2 3 6 12 9 8 11 5 10 13 4 7 2
2 3 6 12 9 8 11 5 10 13 7 4 2
2 3 6 12 9 8 11 5 13 10 4 7 2
2 3 6 12 9 8 11 5 13 10 7 4 2
2 3 6 12 9 11 8 5 10 13 4 7 2
2 3 6 12 9 11 8 5 10 13 7 4 2
2 3 6 12 9 11 8 5 13 10 4 7 2
2 3 6 12 9 11 8 5 13 10 7 4 2
2 4 7 10 13 5 8 11 9 12 3 6 2
2 4 7 10 13 5 8 11 9 12 6 3 2
2 4 7 10 13 5 8 11 12 9 3 6 2
2 4 7 10 13 5 8 11 12 9 6 3 2
2 4 7 10 13 5 11 8 9 12 3 6 2
2 4 7 10 13 5 11 8 9 12 6 3 2
2 4 7 10 13 5 11 8 12 9 3 6 2
2 4 7 10 13 5 11 8 12 9 6 3 2
2 4 7 10 13 8 11 5 9 12 3 6 2
2 4 7 10 13 8 11 5 9 12 6 3 2
2 4 7 10 13 8 11 5 12 9 3 6 2
2 4 7 10 13 8 11 5 12 9 6 3 2
2 4 7 10 13 11 8 5 9 12 3 6 2
2 4 7 10 13 11 8 5 9 12 6 3 2
2 4 7 10 13 11 8 5 12 9 3 6 2
2 4 7 10 13 11 8 5 12 9 6 3 2
2 4 7 13 10 5 8 11 9 12 3 6 2
2 4 7 13 10 5 8 11 9 12 6 3 2
2 4 7 13 10 5 8 11 12 9 3 6 2
2 4 7 13 10 5 8 11 12 9 6 3 2
2 4 7 13 10 5 11 8 9 12 3 6 2
2 4 7 13 10 5 11 8 9 12 6 3 2
2 4 7 13 10 5 11 8 12 9 3 6 2
2 4 7 13 10 5 11 8 12 9 6 3 2
2 4 7 13 10 8 11 5 9 12 3 6 2
2 4 7 13 10 8 11 5 9 12 6 3 2
2 4 7 13 10 8 11 5 12 9 3 6 2
2 4 7 13 10 8 11 5 12 9 6 3 2
2 4 7 13 10 11 8 5 9 12 3 6 2
2 4 7 13 10 11 8 5 9 12 6 3 2
2 4 7 13 10 11 8 5 12 9 3 6 2
2 4 7 13 10 11 8 5 12 9 6 3 2
2 6 3 9 12 5 8 11 10 13 4 7 2
2 6 3 9 12 5 8 11 10 13 7 4 2
2 6 3 9 12 5 8 11 13 10 4 7 2
2 6 3 9 12 5 8 11 13 10 7 4 2
2 6 3 9 12 5 11 8 10 13 4 7 2
2 6 3 9 12 5 11 8 10 13 7 4 2
2 6 3 9 12 5 11 8 13 10 4 7 2
2 6 3 9 12 5 11 8 13 10 7 4 2
2 6 3 9 12 8 11 5 10 13 4 7 2
2 6 3 9 12 8 11 5 10 13 7 4 2
2 6 3 9 12 8 11 5 13 10 4 7 2
2 6 3 9 12 8 11 5 13 10 7 4 2
2 6 3 9 12 11 8 5 10 13 4 7 2
2 6 3 9 12 11 8 5 10 13 7 4 2
2 6 3 9 12 11 8 5 13 10 4 7 2
2 6 3 9 12 11 8 5 13 10 7 4 2
2 6 3 12 9 5 8 11 10 13 4 7 2
2 6 3 12 9 5 8 11 10 13 7 4 2
2 6 3 12 9 5 8 11 13 10 4 7 2
2 6 3 12 9 5 8 11 13 10 7 4 2
2 6 3 12 9 5 11 8 10 13 4 7 2
2 6 3 12 9 5 11 8 10 13 7 4 2
2 6 3 12 9 5 11 8 13 10 4 7 2
2 6 3 12 9 5 11 8 13 10 7 4 2
2 6 3 12 9 8 11 5 10 13 4 7 2
2 6 3 12 9 8 11 5 10 13 7 4 2
2 6 3 12 9 8 11 5 13 10 4 7 2
2 6 3 12 9 8 11 5 13 10 7 4 2
2 6 3 12 9 11 8 5 10 13 4 7 2
2 6 3 12 9 11 8 5 10 13 7 4 2
2 6 3 12 9 11 8 5 13 10 4 7 2
2 6 3 12 9 11 8 5 13 10 7 4 2
2 7 4 10 13 5 8 11 9 12 3 6 2
2 7 4 10 13 5 8 11 9 12 6 3 2
2 7 4 10 13 5 8 11 12 9 3 6 2
2 7 4 10 13 5 8 11 12 9 6 3 2
2 7 4 10 13 5 11 8 9 12 3 6 2
2 7 4 10 13 5 11 8 9 12 6 3 2
2 7 4 10 13 5 11 8 12 9 3 6 2
2 7 4 10 13 5 11 8 12 9 6 3 2
2 7 4 10 13 8 11 5 9 12 3 6 2
2 7 4 10 13 8 11 5 9 12 6 3 2
2 7 4 10 13 8 11 5 12 9 3 6 2
2 7 4 10 13 8 11 5 12 9 6 3 2
2 7 4 10 13 11 8 5 9 12 3 6 2
2 7 4 10 13 11 8 5 9 12 6 3 2
2 7 4 10 13 11 8 5 12 9 3 6 2
2 7 4 10 13 11 8 5 12 9 6 3 2
2 7 4 13 10 5 8 11 9 12 3 6 2
2 7 4 13 10 5 8 11 9 12 6 3 2
2 7 4 13 10 5 8 11 12 9 3 6 2
2 7 4 13 10 5 8 11 12 9 6 3 2
2 7 4 13 10 5 11 8 9 12 3 6 2
2 7 4 13 10 5 11 8 9 12 6 3 2
2 7 4 13 10 5 11 8 12 9 3 6 2
2 7 4 13 10 5 11 8 12 9 6 3 2
2 7 4 13 10 8 11 5 9 12 3 6 2
2 7 4 13 10 8 11 5 9 12 6 3 2
2 7 4 13 10 8 11 5 12 9 3 6 2
2 7 4 13 10 8 11 5 12 9 6 3 2
2 7 4 13 10 11 8 5 9 12 3 6 2
2 7 4 13 10 11 8 5 9 12 6 3 2
2 7 4 13 10 11 8 5 12 9 3 6 2
2 7 4 13 10 11 8 5 12 9 6 3 2
1 3 6 9 12 5 8 11 10 13 4 7 1
1 3 6 9 12 5 8 11 10 13 7 4 1
1 3 6 9 12 5 8 11 13 10 4 7 1
1 3 6 9 12 5 8 11 13 10 7 4 1
1 3 6 9 12 5 11 8 10 13 4 7 1
1 3 6 9 12 5 11 8 10 13 7 4 1
1 3 6 9 12 5 11 8 13 10 4 7 1
1 3 6 9 12 5 11 8 13 10 7 4 1
1 3 6 9 12 8 11 5 10 13 4 7 1
1 3 6 9 12 8 11 5 10 13 7 4 1
1 3 6 9 12 8 11 5 13 10 4 7 1
1 3 6 9 12 8 11 5 13 10 7 4 1
1 3 6 9 12 11 8 5 10 13 4 7 1
1 3 6 9 12 11 8 5 10 13 7 4 1
1 3 6 9 12 11 8 5 13 10 4 7 1
1 3 6 9 12 11 8 5 13 10 7 4 1
1 3 6 12 9 5 8 11 10 13 4 7 1
1 3 6 12 9 5 8 11 10 13 7 4 1
1 3 6 12 9 5 8 11 13 10 4 7 1
1 3 6 12 9 5 8 11 13 10 7 4 1
1 3 6 12 9 5 11 8 10 13 4 7 1
1 3 6 12 9 5 11 8 10 13 7 4 1
1 3 6 12 9 5 11 8 13 10 4 7 1
1 3 6 12 9 5 11 8 13 10 7 4 1
1 3 6 12 9 8 11 5 10 13 4 7 1
1 3 6 12 9 8 11 5 10 13 7 4 1
1 3 6 12 9 8 11 5 13 10 4 7 1
1 3 6 12 9 8 11 5 13 10 7 4 1
1 3 6 12 9 11 8 5 10 13 4 7 1
1 3 6 12 9 11 8 5 10 13 7 4 1
1 3 6 12 9 11 8 5 13 10 4 7 1
1 3 6 12 9 11 8 5 13 10 7 4 1
1 4 7 10 13 5 8 11 9 12 3 6 1
1 4 7 10 13 5 8 11 9 12 6 3 1
1 4 7 10 13 5 8 11 12 9 3 6 1
1 4 7 10 13 5 8 11 12 9 6 3 1
1 4 7 10 13 5 11 8 9 12 3 6 1
1 4 7 10 13 5 11 8 9 12 6 3 1
1 4 7 10 13 5 11 8 12 9 3 6 1
1 4 7 10 13 5 11 8 12 9 6 3 1
1 4 7 10 13 8 11 5 9 12 3 6 1
1 4 7 10 13 8 11 5 9 12 6 3 1
1 4 7 10 13 8 11 5 12 9 3 6 1
1 4 7 10 13 8 11 5 12 9 6 3 1
1 4 7 10 13 11 8 5 9 12 3 6 1
1 4 7 10 13 11 8 5 9 12 6 3 1
1 4 7 10 13 11 8 5 12 9 3 6 1
1 4 7 10 13 11 8 5 12 9 6 3 1
1 4 7 13 10 5 8 11 9 12 3 6 1
1 4 7 13 10 5 8 11 9 12 6 3 1
1 4 7 13 10 5 8 11 12 9 3 6 1
1 4 7 13 10 5 8 11 12 9 6 3 1
1 4 7 13 10 5 11 8 9 12 3 6 1
1 4 7 13 10 5 11 8 9 12 6 3 1
1 4 7 13 10 5 11 8 12 9 3 6 1
1 4 7 13 10 5 11 8 12 9 6 3 1
1 4 7 13 10 8 11 5 9 12 3 6 1
1 4 7 13 10 8 11 5 9 12 6 3 1
1 4 7 13 10 8 11 5 12 9 3 6 1
1 4 7 13 10 8 11 5 12 9 6 3 1
1 4 7 13 10 11 8 5 9 12 3 6 1
1 4 7 13 10 11 8 5 9 12 6 3 1
1 4 7 13 10 11 8 5 12 9 3 6 1
1 4 7 13 10 11 8 5 12 9 6 3 1
1 6 3 9 12 5 8 11 10 13 4 7 1
1 6 3 9 12 5 8 11 10 13 7 4 1
1 6 3 9 12 5 8 11 13 10 4 7 1
1 6 3 9 12 5 8 11 13 10 7 4 1
1 6 3 9 12 5 11 8 10 13 4 7 1
1 6 3 9 12 5 11 8 10 13 7 4 1
1 6 3 9 12 5 11 8 13 10 4 7 1
1 6 3 9 12 5 11 8 13 10 7 4 1
1 6 3 9 12 8 11 5 10 13 4 7 1
1 6 3 9 12 8 11 5 10 13 7 4 1
1 6 3 9 12 8 11 5 13 10 4 7 1
1 6 3 9 12 8 11 5 13 10 7 4 1
1 6 3 9 12 11 8 5 10 13 4 7 1
1 6 3 9 12 11 8 5 10 13 7 4 1
1 6 3 9 12 11 8 5 13 10 4 7 1
1 6 3 9 12 11 8 5 13 10 7 4 1
1 6 3 12 9 5 8 11 10 13 4 7 1
1 6 3 12 9 5 8 11 10 13 7 4 1
1 6 3 12 9 5 8 11 13 10 4 7 1
1 6 3 12 9 5 8 11 13 10 7 4 1
1 6 3 12 9 5 11 8 10 13 4 7 1
1 6 3 12 9 5 11 8 10 13 7 4 1
1 6 3 12 9 5 11 8 13 10 4 7 1
1 6 3 12 9 5 11 8 13 10 7 4 1
1 6 3 12 9 8 11 5 10 13 4 7 1
1 6 3 12 9 8 11 5 10 13 7 4 1
1 6 3 12 9 8 11 5 13 10 4 7 1
1 6 3 12 9 8 11 5 13 10 7 4 1
1 6 3 12 9 11 8 5 10 13 4 7 1
1 6 3 12 9 11 8 5 10 13 7 4 1
1 6 3 12 9 11 8 5 13 10 4 7 1
1 6 3 12 9 11 8 5 13 10 7 4 1
1 7 4 10 13 5 8 11 9 12 3 6 1
1 7 4 10 13 5 8 11 9 12 6 3 1
1 7 4 10 13 5 8 11 12 9 3 6 1
1 7 4 10 13 5 8 11 12 9 6 3 1
1 7 4 10 13 5 11 8 9 12 3 6 1
1 7 4 10 13 5 11 8 9 12 6 3 1
1 7 4 10 13 5 11 8 12 9 3 6 1
1 7 4 10 13 5 11 8 12 9 6 3 1
1 7 4 10 13 8 11 5 9 12 3 6 1
1 7 4 10 13 8 11 5 9 12 6 3 1
1 7 4 10 13 8 11 5 12 9 3 6 1
1 7 4 10 13 8 11 5 12 9 6 3 1
1 7 4 10 13 11 8 5 9 12 3 6 1
1 7 4 10 13 11 8 5 9 12 6 3 1
1 7 4 10 13 11 8 5 12 9 3 6 1
1 7 4 10 13 11 8 5 12 9 6 3 1
1 7 4 13 10 5 8 11 9 12 3 6 1
1 7 4 13 10 5 8 11 9 12 6 3 1
1 7 4 13 10 5 8 11 12 9 3 6 1
1 7 4 13 10 5 8 11 12 9 6 3 1
1 7 4 13 10 5 11 8 9 12 3 6 1
1 7 4 13 10 5 11 8 9 12 6 3 1
1 7 4 13 10 5 11 8 12 9 3 6 1
1 7 4 13 10 5 11 8 12 9 6 3 1
1 7 4 13 10 8 11 5 9 12 3 6 1
1 7 4 13 10 8 11 5 9 12 6 3 1
1 7 4 13 10 8 11 5 12 9 3 6 1
1 7 4 13 10 8 11 5 12 9 6 3 1
1 7 4 13 10 11 8 5 9 12 3 6 1
1 7 4 13 10 11 8 5 9 12 6 3 1
1 7 4 13 10 11 8 5 12 9 3 6 1
1 7 4 13 10 11 8 5 12 9 6 3 1
1 2 4 7 10 13 5 8 11 9 12 6 1
1 2 4 7 10 13 5 8 11 12 9 6 1
1 2 4 7 10 13 5 11 8 9 12 6 1
1 2 4 7 10 13 5 11 8 12 9 6 1
1 2 4 7 10 13 8 11 5 9 12 6 1
1 2 4 7 10 13 8 11 5 12 9 6 1
1 2 4 7 10 13 11 8 5 9 12 6 1
1 2 4 7 10 13 11 8 5 12 9 6 1
1 2 4 7 13 10 5 8 11 9 12 6 1
1 2 4 7 13 10 5 8 11 12 9 6 1
1 2 4 7 13 10 5 11 8 9 12 6 1
1 2 4 7 13 10 5 11 8 12 9 6 1
1 2 4 7 13 10 8 11 5 9 12 6 1
1 2 4 7 13 10 8 11 5 12 9 6 1
1 2 4 7 13 10 11 8 5 9 12 6 1
1 2 4 7 13 10 11 8 5 12 9 6 1
1 2 6 9 12 5 8 11 10 13 4 7 1
1 2 6 9 12 5 8 11 10 13 7 4 1
1 2 6 9 12 5 8 11 13 10 4 7 1
1 2 6 9 12 5 8 11 13 10 7 4 1
1 2 6 9 12 5 11 8 10 13 4 7 1
1 2 6 9 12 5 11 8 10 13 7 4 1
1 2 6 9 12 5 11 8 13 10 4 7 1
1 2 6 9 12 5 11 8 13 10 7 4 1
1 2 6 9 12 8 11 5 10 13 4 7 1
1 2 6 9 12 8 11 5 10 13 7 4 1
1 2 6 9 12 8 11 5 13 10 4 7 1
1 2 6 9 12 8 11 5 13 10 7 4 1
1 2 6 9 12 11 8 5 10 13 4 7 1
1 2 6 9 12 11 8 5 10 13 7 4 1
1 2 6 9 12 11 8 5 13 10 4 7 1
1 2 6 9 12 11 8 5 13 10 7 4 1
1 2 6 12 9 5 8 11 10 13 4 7 1
1 2 6 12 9 5 8 11 10 13 7 4 1
1 2 6 12 9 5 8 11 13 10 4 7 1
1 2 6 12 9 5 8 11 13 10 7 4 1
1 2 6 12 9 5 11 8 10 13 4 7 1
1 2 6 12 9 5 11 8 10 13 7 4 1
1 2 6 12 9 5 11 8 13 10 4 7 1
1 2 6 12 9 5 11 8 13 10 7 4 1
1 2 6 12 9 8 11 5 10 13 4 7 1
1 2 6 12 9 8 11 5 10 13 7 4 1
1 2 6 12 9 8 11 5 13 10 4 7 1
1 2 6 12 9 8 11 5 13 10 7 4 1
1 2 6 12 9 11 8 5 10 13 4 7 1
1 2 6 12 9 11 8 5 10 13 7 4 1
1 2 6 12 9 11 8 5 13 10 4 7 1
1 2 6 12 9 11 8 5 13 10 7 4 1
1 2 7 4 10 13 5 8 11 9 12 6 1
1 2 7 4 10 13 5 8 11 12 9 6 1
1 2 7 4 10 13 5 11 8 9 12 6 1
1 2 7 4 10 13 5 11 8 12 9 6 1
1 2 7 4 10 13 8 11 5 9 12 6 1
1 2 7 4 10 13 8 11 5 12 9 6 1
1 2 7 4 10 13 11 8 5 9 12 6 1
1 2 7 4 10 13 11 8 5 12 9 6 1
1 2 7 4 13 10 5 8 11 9 12 6 1
1 2 7 4 13 10 5 8 11 12 9 6 1
1 2 7 4 13 10 5 11 8 9 12 6 1
1 2 7 4 13 10 5 11 8 12 9 6 1
1 2 7 4 13 10 8 11 5 9 12 6 1
1 2 7 4 13 10 8 11 5 12 9 6 1
1 2 7 4 13 10 11 8 5 9 12 6 1
1 2 7 4 13 10 11 8 5 12 9 6 1
1 4 7 10 13 5 8 11 9 12 6 2 1
1 4 7 10 13 5 8 11 12 9 6 2 1
1 4 7 10 13 5 11 8 9 12 6 2 1
1 4 7 10 13 5 11 8 12 9 6 2 1
1 4 7 10 13 8 11 5 9 12 6 2 1
1 4 7 10 13 8 11 5 12 9 6 2 1
1 4 7 10 13 11 8 5 9 12 6 2 1
1 4 7 10 13 11 8 5 12 9 6 2 1
1 4 7 13 10 5 8 11 9 12 6 2 1
1 4 7 13 10 5 8 11 12 9 6 2 1
1 4 7 13 10 5 11 8 9 12 6 2 1
1 4 7 13 10 5 11 8 12 9 6 2 1
1 4 7 13 10 8 11 5 9 12 6 2 1
1 4 7 13 10 8 11 5 12 9 6 2 1
1 4 7 13 10 11 8 5 9 12 6 2 1
1 4 7 13 10 11 8 5 12 9 6 2 1
1 6 9 12 5 8 11 10 13 4 7 2 1
1 6 9 12 5 8 11 10 13 7 4 2 1
1 6 9 12 5 8 11 13 10 4 7 2 1
1 6 9 12 5 8 11 13 10 7 4 2 1
1 6 9 12 5 11 8 10 13 4 7 2 1
1 6 9 12 5 11 8 10 13 7 4 2 1
1 6 9 12 5 11 8 13 10 4 7 2 1
1 6 9 12 5 11 8 13 10 7 4 2 1
1 6 9 12 8 11 5 10 13 4 7 2 1
1 6 9 12 8 11 5 10 13 7 4 2 1
1 6 9 12 8 11 5 13 10 4 7 2 1
1 6 9 12 8 11 5 13 10 7 4 2 1
1 6 9 12 11 8 5 10 13 4 7 2 1
1 6 9 12 11 8 5 10 13 7 4 2 1
1 6 9 12 11 8 5 13 10 4 7 2 1
1 6 9 12 11 8 5 13 10 7 4 2 1
1 6 12 9 5 8 11 10 13 4 7 2 1
1 6 12 9 5 8 11 10 13 7 4 2 1
1 6 12 9 5 8 11 13 10 4 7 2 1
1 6 12 9 5 8 11 13 10 7 4 2 1
1 6 12 9 5 11 8 10 13 4 7 2 1
1 6 12 9 5 11 8 10 13 7 4 2 1
1 6 12 9 5 11 8 13 10 4 7 2 1
1 6 12 9 5 11 8 13 10 7 4 2 1
1 6 12 9 8 11 5 10 13 4 7 2 1
1 6 12 9 8 11 5 10 13 7 4 2 1
1 6 12 9 8 11 5 13 10 4 7 2 1
1 6 12 9 8 11 5 13 10 7 4 2 1
1 6 12 9 11 8 5 10 13 4 7 2 1
1 6 12 9 11 8 5 10 13 7 4 2 1
1 6 12 9 11 8 5 13 10 4 7 2 1
1 6 12 9 11 8 5 13 10 7 4 2 1
1 7 4 10 13 5 8 11 9 12 6 2 1
1 7 4 10 13 5 8 11 12 9 6 2 1
1 7 4 10 13 5 11 8 9 12 6 2 1
1 7 4 10 13 5 11 8 12 9 6 2 1
1 7 4 10 13 8 11 5 9 12 6 2 1
1 7 4 10 13 8 11 5 12 9 6 2 1
1 7 4 10 13 11 8 5 9 12 6 2 1
1 7 4 10 13 11 8 5 12 9 6 2 1
1 7 4 13 10 5 8 11 9 12 6 2 1
1 7 4 13 10 5 8 11 12 9 6 2 1
1 7 4 13 10 5 11 8 9 12 6 2 1
1 7 4 13 10 5 11 8 12 9 6 2 1
1 7 4 13 10 8 11 5 9 12 6 2 1
1 7 4 13 10 8 11 5 12 9 6 2 1
1 7 4 13 10 11 8 5 9 12 6 2 1
1 7 4 13 10 11 8 5 12 9 6 2 1
1 2 3 6 9 12 5 8 11 10 13 7 1
1 2 3 6 9 12 5 8 11 13 10 7 1
1 2 3 6 9 12 5 11 8 10 13 7 1
1 2 3 6 9 12 5 11 8 13 10 7 1
1 2 3 6 9 12 8 11 5 10 13 7 1
1 2 3 6 9 12 8 11 5 13 10 7 1
1 2 3 6 9 12 11 8 5 10 13 7 1
1 2 3 6 9 12 11 8 5 13 10 7 1
1 2 3 6 12 9 5 8 11 10 13 7 1
1 2 3 6 12 9 5 8 11 13 10 7 1
1 2 3 6 12 9 5 11 8 10 13 7 1
1 2 3 6 12 9 5 11 8 13 10 7 1
1 2 3 6 12 9 8 11 5 10 13 7 1
1 2 3 6 12 9 8 11 5 13 10 7 1
1 2 3 6 12 9 11 8 5 10 13 7 1
1 2 3 6 12 9 11 8 5 13 10 7 1
1 2 6 3 9 12 5 8 11 10 13 7 1
1 2 6 3 9 12 5 8 11 13 10 7 1
1 2 6 3 9 12 5 11 8 10 13 7 1
1 2 6 3 9 12 5 11 8 13 10 7 1
1 2 6 3 9 12 8 11 5 10 13 7 1
1 2 6 3 9 12 8 11 5 13 10 7 1
1 2 6 3 9 12 11 8 5 10 13 7 1
1 2 6 3 9 12 11 8 5 13 10 7 1
1 2 6 3 12 9 5 8 11 10 13 7 1
1 2 6 3 12 9 5 8 11 13 10 7 1
1 2 6 3 12 9 5 11 8 10 13 7 1
1 2 6 3 12 9 5 11 8 13 10 7 1
1 2 6 3 12 9 8 11 5 10 13 7 1
1 2 6 3 12 9 8 11 5 13 10 7 1
1 2 6 3 12 9 11 8 5 10 13 7 1
1 2 6 3 12 9 11 8 5 13 10 7 1
1 2 7 10 13 5 8 11 9 12 3 6 1
1 2 7 10 13 5 8 11 9 12 6 3 1
1 2 7 10 13 5 8 11 12 9 3 6 1
1 2 7 10 13 5 8 11 12 9 6 3 1
1 2 7 10 13 5 11 8 9 12 3 6 1
1 2 7 10 13 5 11 8 9 12 6 3 1
1 2 7 10 13 5 11 8 12 9 3 6 1
1 2 7 10 13 5 11 8 12 9 6 3 1
1 2 7 10 13 8 11 5 9 12 3 6 1
1 2 7 10 13 8 11 5 9 12 6 3 1
1 2 7 10 13 8 11 5 12 9 3 6 1
1 2 7 10 13 8 11 5 12 9 6 3 1
1 2 7 10 13 11 8 5 9 12 3 6 1
1 2 7 10 13 11 8 5 9 12 6 3 1
1 2 7 10 13 11 8 5 12 9 3 6 1
1 2 7 10 13 11 8 5 12 9 6 3 1
1 2 7 13 10 5 8 11 9 12 3 6 1
1 2 7 13 10 5 8 11 9 12 6 3 1
1 2 7 13 10 5 8 11 12 9 3 6 1
1 2 7 13 10 5 8 11 12 9 6 3 1
1 2 7 13 10 5 11 8 9 12 3 6 1
1 2 7 13 10 5 11 8 9 12 6 3 1
1 2 7 13 10 5 11 8 12 9 3 6 1
1 2 7 13 10 5 11 8 12 9 6 3 1
1 2 7 13 10 8 11 5 9 12 3 6 1
1 2 7 13 10 8 11 5 9 12 6 3 1
1 2 7 13 10 8 11 5 12 9 3 6 1
1 2 7 13 10 8 11 5 12 9 6 3 1
1 2 7 13 10 11 8 5 9 12 3 6 1
1 2 7 13 10 11 8 5 9 12 6 3 1
1 2 7 13 10 11 8 5 12 9 3 6 1
1 2 7 13 10 11 8 5 12 9 6 3 1
1 3 6 9 12 5 8 11 10 13 7 2 1
1 3 6 9 12 5 8 11 13 10 7 2 1
1 3 6 9 12 5 11 8 10 13 7 2 1
1 3 6 9 12 5 11 8 13 10 7 2 1
1 3 6 9 12 8 11 5 10 13 7 2 1
1 3 6 9 12 8 11 5 13 10 7 2 1
1 3 6 9 12 11 8 5 10 13 7 2 1
1 3 6 9 12 11 8 5 13 10 7 2 1
1 3 6 12 9 5 8 11 10 13 7 2 1
1 3 6 12 9 5 8 11 13 10 7 2 1
1 3 6 12 9 5 11 8 10 13 7 2 1
1 3 6 12 9 5 11 8 13 10 7 2 1
1 3 6 12 9 8 11 5 10 13 7 2 1
1 3 6 12 9 8 11 5 13 10 7 2 1
1 3 6 12 9 11 8 5 10 13 7 2 1
1 3 6 12 9 11 8 5 13 10 7 2 1
1 6 3 9 12 5 8 11 10 13 7 2 1
1 6 3 9 12 5 8 11 13 10 7 2 1
1 6 3 9 12 5 11 8 10 13 7 2 1
1 6 3 9 12 5 11 8 13 10 7 2 1
1 6 3 9 12 8 11 5 10 13 7 2 1
1 6 3 9 12 8 11 5 13 10 7 2 1
1 6 3 9 12 11 8 5 10 13 7 2 1
1 6 3 9 12 11 8 5 13 10 7 2 1
1 6 3 12 9 5 8 11 10 13 7 2 1
1 6 3 12 9 5 8 11 13 10 7 2 1
1 6 3 12 9 5 11 8 10 13 7 2 1
1 6 3 12 9 5 11 8 13 10 7 2 1
1 6 3 12 9 8 11 5 10 13 7 2 1
1 6 3 12 9 8 11 5 13 10 7 2 1
1 6 3 12 9 11 8 5 10 13 7 2 1
1 6 3 12 9 11 8 5 13 10 7 2 1
1 7 10 13 5 8 11 9 12 3 6 2 1
1 7 10 13 5 8 11 9 12 6 3 2 1
1 7 10 13 5 8 11 12 9 3 6 2 1
1 7 10 13 5 8 11 12 9 6 3 2 1
1 7 10 13 5 11 8 9 12 3 6 2 1
1 7 10 13 5 11 8 9 12 6 3 2 1
1 7 10 13 5 11 8 12 9 3 6 2 1
1 7 10 13 5 11 8 12 9 6 3 2 1
1 7 10 13 8 11 5 9 12 3 6 2 1
1 7 10 13 8 11 5 9 12 6 3 2 1
1 7 10 13 8 11 5 12 9 3 6 2 1
1 7 10 13 8 11 5 12 9 6 3 2 1
1 7 10 13 11 8 5 9 12 3 6 2 1
1 7 10 13 11 8 5 9 12 6 3 2 1
1 7 10 13 11 8 5 12 9 3 6 2 1
1 7 10 13 11 8 5 12 9 6 3 2 1
1 7 13 10 5 8 11 9 12 3 6 2 1
1 7 13 10 5 8 11 9 12 6 3 2 1
1 7 13 10 5 8 11 12 9 3 6 2 1
1 7 13 10 5 8 11 12 9 6 3 2 1
1 7 13 10 5 11 8 9 12 3 6 2 1
1 7 13 10 5 11 8 9 12 6 3 2 1
1 7 13 10 5 11 8 12 9 3 6 2 1
1 7 13 10 5 11 8 12 9 6 3 2 1
1 7 13 10 8 11 5 9 12 3 6 2 1
1 7 13 10 8 11 5 9 12 6 3 2 1
1 7 13 10 8 11 5 12 9 3 6 2 1
1 7 13 10 8 11 5 12 9 6 3 2 1
1 7 13 10 11 8 5 9 12 3 6 2 1
1 7 13 10 11 8 5 9 12 6 3 2 1
1 7 13 10 11 8 5 12 9 3 6 2 1
1 7 13 10 11 8 5 12 9 6 3 2 1
1 2 3 6 9 12 8 11 10 13 4 7 1
1 2 3 6 9 12 8 11 10 13 7 4 1
1 2 3 6 9 12 8 11 13 10 4 7 1
1 2 3 6 9 12 8 11 13 10 7 4 1
1 2 3 6 9 12 11 8 10 13 4 7 1
1 2 3 6 9 12 11 8 10 13 7 4 1
1 2 3 6 9 12 11 8 13 10 4 7 1
1 2 3 6 9 12 11 8 13 10 7 4 1
1 2 3 6 12 9 8 11 10 13 4 7 1
1 2 3 6 12 9 8 11 10 13 7 4 1
1 2 3 6 12 9 8 11 13 10 4 7 1
1 2 3 6 12 9 8 11 13 10 7 4 1
1 2 3 6 12 9 11 8 10 13 4 7 1
1 2 3 6 12 9 11 8 10 13 7 4 1
1 2 3 6 12 9 11 8 13 10 4 7 1
1 2 3 6 12 9 11 8 13 10 7 4 1
1 2 4 7 10 13 8 11 9 12 3 6 1
1 2 4 7 10 13 8 11 9 12 6 3 1
1 2 4 7 10 13 8 11 12 9 3 6 1
1 2 4 7 10 13 8 11 12 9 6 3 1
1 2 4 7 10 13 11 8 9 12 3 6 1
1 2 4 7 10 13 11 8 9 12 6 3 1
1 2 4 7 10 13 11 8 12 9 3 6 1
1 2 4 7 10 13 11 8 12 9 6 3 1
1 2 4 7 13 10 8 11 9 12 3 6 1
1 2 4 7 13 10 8 11 9 12 6 3 1
1 2 4 7 13 10 8 11 12 9 3 6 1
1 2 4 7 13 10 8 11 12 9 6 3 1
1 2 4 7 13 10 11 8 9 12 3 6 1
1 2 4 7 13 10 11 8 9 12 6 3 1
1 2 4 7 13 10 11 8 12 9 3 6 1
1 2 4 7 13 10 11 8 12 9 6 3 1
1 2 6 3 9 12 8 11 10 13 4 7 1
1 2 6 3 9 12 8 11 10 13 7 4 1
1 2 6 3 9 12 8 11 13 10 4 7 1
1 2 6 3 9 12 8 11 13 10 7 4 1
1 2 6 3 9 12 11 8 10 13 4 7 1
1 2 6 3 9 12 11 8 10 13 7 4 1
1 2 6 3 9 12 11 8 13 10 4 7 1
1 2 6 3 9 12 11 8 13 10 7 4 1
1 2 6 3 12 9 8 11 10 13 4 7 1
1 2 6 3 12 9 8 11 10 13 7 4 1
1 2 6 3 12 9 8 11 13 10 4 7 1
1 2 6 3 12 9 8 11 13 10 7 4 1
1 2 6 3 12 9 11 8 10 13 4 7 1
1 2 6 3 12 9 11 8 10 13 7 4 1
1 2 6 3 12 9 11 8 13 10 4 7 1
1 2 6 3 12 9 11 8 13 10 7 4 1
1 2 7 4 10 13 8 11 9 12 3 6 1
1 2 7 4 10 13 8 11 9 12 6 3 1
1 2 7 4 10 13 8 11 12 9 3 6 1
1 2 7 4 10 13 8 11 12 9 6 3 1
1 2 7 4 10 13 11 8 9 12 3 6 1
1 2 7 4 10 13 11 8 9 12 6 3 1
1 2 7 4 10 13 11 8 12 9 3 6 1
1 2 7 4 10 13 11 8 12 9 6 3 1
1 2 7 4 13 10 8 11 9 12 3 6 1
1 2 7 4 13 10 8 11 9 12 6 3 1
1 2 7 4 13 10 8 11 12 9 3 6 1
1 2 7 4 13 10 8 11 12 9 6 3 1
1 2 7 4 13 10 11 8 9 12 3 6 1
1 2 7 4 13 10 11 8 9 12 6 3 1
1 2 7 4 13 10 11 8 12 9 3 6 1
1 2 7 4 13 10 11 8 12 9 6 3 1
1 3 6 9 12 8 11 10 13 4 7 2 1
1 3 6 9 12 8 11 10 13 7 4 2 1
1 3 6 9 12 8 11 13 10 4 7 2 1
1 3 6 9 12 8 11 13 10 7 4 2 1
1 3 6 9 12 11 8 10 13 4 7 2 1
1 3 6 9 12 11 8 10 13 7 4 2 1
1 3 6 9 12 11 8 13 10 4 7 2 1
1 3 6 9 12 11 8 13 10 7 4 2 1
1 3 6 12 9 8 11 10 13 4 7 2 1
1 3 6 12 9 8 11 10 13 7 4 2 1
1 3 6 12 9 8 11 13 10 4 7 2 1
1 3 6 12 9 8 11 13 10 7 4 2 1
1 3 6 12 9 11 8 10 13 4 7 2 1
1 3 6 12 9 11 8 10 13 7 4 2 1
1 3 6 12 9 11 8 13 10 4 7 2 1
1 3 6 12 9 11 8 13 10 7 4 2 1
1 4 7 10 13 8 11 9 12 3 6 2 1
1 4 7 10 13 8 11 9 12 6 3 2 1
1 4 7 10 13 8 11 12 9 3 6 2 1
1 4 7 10 13 8 11 12 9 6 3 2 1
1 4 7 10 13 11 8 9 12 3 6 2 1
1 4 7 10 13 11 8 9 12 6 3 2 1
1 4 7 10 13 11 8 12 9 3 6 2 1
1 4 7 10 13 11 8 12 9 6 3 2 1
1 4 7 13 10 8 11 9 12 3 6 2 1
1 4 7 13 10 8 11 9 12 6 3 2 1
1 4 7 13 10 8 11 12 9 3 6 2 1
1 4 7 13 10 8 11 12 9 6 3 2 1
1 4 7 13 10 11 8 9 12 3 6 2 1
1 4 7 13 10 11 8 9 12 6 3 2 1
1 4 7 13 10 11 8 12 9 3 6 2 1
1 4 7 13 10 11 8 12 9 6 3 2 1
1 6 3 9 12 8 11 10 13 4 7 2 1
1 6 3 9 12 8 11 10 13 7 4 2 1
1 6 3 9 12 8 11 13 10 4 7 2 1
1 6 3 9 12 8 11 13 10 7 4 2 1
1 6 3 9 12 11 8 10 13 4 7 2 1
1 6 3 9 12 11 8 10 13 7 4 2 1
1 6 3 9 12 11 8 13 10 4 7 2 1
1 6 3 9 12 11 8 13 10 7 4 2 1
1 6 3 12 9 8 11 10 13 4 7 2 1
1 6 3 12 9 8 11 10 13 7 4 2 1
1 6 3 12 9 8 11 13 10 4 7 2 1
1 6 3 12 9 8 11 13 10 7 4 2 1
1 6 3 12 9 11 8 10 13 4 7 2 1
1 6 3 12 9 11 8 10 13 7 4 2 1
1 6 3 12 9 11 8 13 10 4 7 2 1
1 6 3 12 9 11 8 13 10 7 4 2 1
1 7 4 10 13 8 11 9 12 3 6 2 1
1 7 4 10 13 8 11 9 12 6 3 2 1
1 7 4 10 13 8 11 12 9 3 6 2 1
1 7 4 10 13 8 11 12 9 6 3 2 1
1 7 4 10 13 11 8 9 12 3 6 2 1
1 7 4 10 13 11 8 9 12 6 3 2 1
1 7 4 10 13 11 8 12 9 3 6 2 1
1 7 4 10 13 11 8 12 9 6 3 2 1
1 7 4 13 10 8 11 9 12 3 6 2 1
1 7 4 13 10 8 11 9 12 6 3 2 1
1 7 4 13 10 8 11 12 9 3 6 2 1
1 7 4 13 10 8 11 12 9 6 3 2 1
1 7 4 13 10 11 8 9 12 3 6 2 1
1 7 4 13 10 11 8 9 12 6 3 2 1
1 7 4 13 10 11 8 12 9 3 6 2 1
1 7 4 13 10 11 8 12 9 6 3 2 1
1 2 3 9 12 5 8 11 10 13 4 7 1
1 2 3 9 12 5 8 11 10 13 7 4 1
1 2 3 9 12 5 8 11 13 10 4 7 1
1 2 3 9 12 5 8 11 13 10 7 4 1
1 2 3 9 12 5 11 8 10 13 4 7 1
1 2 3 9 12 5 11 8 10 13 7 4 1
1 2 3 9 12 5 11 8 13 10 4 7 1
1 2 3 9 12 5 11 8 13 10 7 4 1
1 2 3 9 12 8 11 5 10 13 4 7 1
1 2 3 9 12 8 11 5 10 13 7 4 1
1 2 3 9 12 8 11 5 13 10 4 7 1
1 2 3 9 12 8 11 5 13 10 7 4 1
1 2 3 9 12 11 8 5 10 13 4 7 1
1 2 3 9 12 11 8 5 10 13 7 4 1
1 2 3 9 12 11 8 5 13 10 4 7 1
1 2 3 9 12 11 8 5 13 10 7 4 1
1 2 3 12 9 5 8 11 10 13 4 7 1
1 2 3 12 9 5 8 11 10 13 7 4 1
1 2 3 12 9 5 8 11 13 10 4 7 1
1 2 3 12 9 5 8 11 13 10 7 4 1
1 2 3 12 9 5 11 8 10 13 4 7 1
1 2 3 12 9 5 11 8 10 13 7 4 1
1 2 3 12 9 5 11 8 13 10 4 7 1
1 2 3 12 9 5 11 8 13 10 7 4 1
1 2 3 12 9 8 11 5 10 13 4 7 1
1 2 3 12 9 8 11 5 10 13 7 4 1
1 2 3 12 9 8 11 5 13 10 4 7 1
1 2 3 12 9 8 11 5 13 10 7 4 1
1 2 3 12 9 11 8 5 10 13 4 7 1
1 2 3 12 9 11 8 5 10 13 7 4 1
1 2 3 12 9 11 8 5 13 10 4 7 1
1 2 3 12 9 11 8 5 13 10 7 4 1
1 2 4 7 10 13 5 8 11 9 12 3 1
1 2 4 7 10 13 5 8 11 12 9 3 1
1 2 4 7 10 13 5 11 8 9 12 3 1
1 2 4 7 10 13 5 11 8 12 9 3 1
1 2 4 7 10 13 8 11 5 9 12 3 1
1 2 4 7 10 13 8 11 5 12 9 3 1
1 2 4 7 10 13 11 8 5 9 12 3 1
1 2 4 7 10 13 11 8 5 12 9 3 1
1 2 4 7 13 10 5 8 11 9 12 3 1
1 2 4 7 13 10 5 8 11 12 9 3 1
1 2 4 7 13 10 5 11 8 9 12 3 1
1 2 4 7 13 10 5 11 8 12 9 3 1
1 2 4 7 13 10 8 11 5 9 12 3 1
1 2 4 7 13 10 8 11 5 12 9 3 1
1 2 4 7 13 10 11 8 5 9 12 3 1
1 2 4 7 13 10 11 8 5 12 9 3 1
1 2 7 4 10 13 5 8 11 9 12 3 1
1 2 7 4 10 13 5 8 11 12 9 3 1
1 2 7 4 10 13 5 11 8 9 12 3 1
1 2 7 4 10 13 5 11 8 12 9 3 1
1 2 7 4 10 13 8 11 5 9 12 3 1
1 2 7 4 10 13 8 11 5 12 9 3 1
1 2 7 4 10 13 11 8 5 9 12 3 1
1 2 7 4 10 13 11 8 5 12 9 3 1
1 2 7 4 13 10 5 8 11 9 12 3 1
1 2 7 4 13 10 5 8 11 12 9 3 1
1 2 7 4 13 10 5 11 8 9 12 3 1
1 2 7 4 13 10 5 11 8 12 9 3 1
1 2 7 4 13 10 8 11 5 9 12 3 1
1 2 7 4 13 10 8 11 5 12 9 3 1
1 2 7 4 13 10 11 8 5 9 12 3 1
1 2 7 4 13 10 11 8 5 12 9 3 1
1 3 9 12 5 8 11 10 13 4 7 2 1
1 3 9 12 5 8 11 10 13 7 4 2 1
1 3 9 12 5 8 11 13 10 4 7 2 1
1 3 9 12 5 8 11 13 10 7 4 2 1
1 3 9 12 5 11 8 10 13 4 7 2 1
1 3 9 12 5 11 8 10 13 7 4 2 1
1 3 9 12 5 11 8 13 10 4 7 2 1
1 3 9 12 5 11 8 13 10 7 4 2 1
1 3 9 12 8 11 5 10 13 4 7 2 1
1 3 9 12 8 11 5 10 13 7 4 2 1
1 3 9 12 8 11 5 13 10 4 7 2 1
1 3 9 12 8 11 5 13 10 7 4 2 1
1 3 9 12 11 8 5 10 13 4 7 2 1
1 3 9 12 11 8 5 10 13 7 4 2 1
1 3 9 12 11 8 5 13 10 4 7 2 1
1 3 9 12 11 8 5 13 10 7 4 2 1
1 3 12 9 5 8 11 10 13 4 7 2 1
1 3 12 9 5 8 11 10 13 7 4 2 1
1 3 12 9 5 8 11 13 10 4 7 2 1
1 3 12 9 5 8 11 13 10 7 4 2 1
1 3 12 9 5 11 8 10 13 4 7 2 1
1 3 12 9 5 11 8 10 13 7 4 2 1
1 3 12 9 5 11 8 13 10 4 7 2 1
1 3 12 9 5 11 8 13 10 7 4 2 1
1 3 12 9 8 11 5 10 13 4 7 2 1
1 3 12 9 8 11 5 10 13 7 4 2 1
1 3 12 9 8 11 5 13 10 4 7 2 1
1 3 12 9 8 11 5 13 10 7 4 2 1
1 3 12 9 11 8 5 10 13 4 7 2 1
1 3 12 9 11 8 5 10 13 7 4 2 1
1 3 12 9 11 8 5 13 10 4 7 2 1
1 3 12 9 11 8 5 13 10 7 4 2 1
1 4 7 10 13 5 8 11 9 12 3 2 1
1 4 7 10 13 5 8 11 12 9 3 2 1
1 4 7 10 13 5 11 8 9 12 3 2 1
1 4 7 10 13 5 11 8 12 9 3 2 1
1 4 7 10 13 8 11 5 9 12 3 2 1
1 4 7 10 13 8 11 5 12 9 3 2 1
1 4 7 10 13 11 8 5 9 12 3 2 1
1 4 7 10 13 11 8 5 12 9 3 2 1
1 4 7 13 10 5 8 11 9 12 3 2 1
1 4 7 13 10 5 8 11 12 9 3 2 1
1 4 7 13 10 5 11 8 9 12 3 2 1
1 4 7 13 10 5 11 8 12 9 3 2 1
1 4 7 13 10 8 11 5 9 12 3 2 1
1 4 7 13 10 8 11 5 12 9 3 2 1
1 4 7 13 10 11 8 5 9 12 3 2 1
1 4 7 13 10 11 8 5 12 9 3 2 1
1 7 4 10 13 5 8 11 9 12 3 2 1
1 7 4 10 13 5 8 11 12 9 3 2 1
1 7 4 10 13 5 11 8 9 12 3 2 1
1 7 4 10 13 5 11 8 12 9 3 2 1
1 7 4 10 13 8 11 5 9 12 3 2 1
1 7 4 10 13 8 11 5 12 9 3 2 1
1 7 4 10 13 11 8 5 9 12 3 2 1
1 7 4 10 13 11 8 5 12 9 3 2 1
1 7 4 13 10 5 8 11 9 12 3 2 1
1 7 4 13 10 5 8 11 12 9 3 2 1
1 7 4 13 10 5 11 8 9 12 3 2 1
1 7 4 13 10 5 11 8 12 9 3 2 1
1 7 4 13 10 8 11 5 9 12 3 2 1
1 7 4 13 10 8 11 5 12 9 3 2 1
1 7 4 13 10 11 8 5 9 12 3 2 1
1 7 4 13 10 11 8 5 12 9 3 2 1
