11
0.0 0.018642 0.0176986 0.0265807 0.0247672 0.0283894 0.00641778 0.00182432 0.0208407 0.0203886 0.0188276
0.018642 0.0 0.0206723 0.026004 0.0189413 0.0280052 0.0215544 0.0200319 0.0241895 0.0243317 0.0244341
0.0176986 0.0206723 0.0 0.0257941 0.0218732 0.0266738 0.0161059 0.0203682 0.0311789 0.0306806 0.0262512
0.0265807 0.026004 0.0257941 0.0 0.0412311 0.00136423 0.0580548 0.0622199 0.069158 0.0695571 0.0690784
0.0247672 0.0189413 0.0218732 0.0412311 0.0 0.0267256 0.0347417 0.0408229 0.0405752 0.0401522 0.0385776
0.0283894 0.0280052 0.0266738 0.00136423 0.0267256 0.0 0.0598809 0.0632609 0.0696893 0.0703898 0.0692252
0.00641778 0.0215544 0.0161059 0.0580548 0.0347417 0.0598809 0.0 0.00919682 0.0258058 0.0244015 0.0255789
0.00182432 0.0200319 0.0203682 0.0622199 0.0408229 0.0632609 0.00919682 0.0 0.0202403 0.0204098 0.0185295
0.0208407 0.0241895 0.0311789 0.069158 0.0405752 0.0696893 0.0258058 0.0202403 0.0 0.00712993 0.0239375
0.0203886 0.0243317 0.0306806 0.0695571 0.0401522 0.0703898 0.0244015 0.0204098 0.00712993 0.0 0.0233095
0.0188276 0.0244341 0.0262512 0.0690784 0.0385776 0.0692252 0.0255789 0.0185295 0.0239375 0.0233095 0.0
