11
0.0 0.045645 0.0466715 0.051855 0.0407546 0.0425285 0.040026 0.0460072 0.0407953 0.0577773 0.0580103
0.045645 0.0 0.042104 0.036619 0.0304625 0.0382181 0.029363 0.0311819 0.030744 0.038959 0.0430802
0.0466715 0.042104 0.0 0.028924 0.032422 0.0398161 0.028985 0.0374709 0.033733 0.0455603 0.0476114
0.051855 0.036619 0.028924 0.0 0.0268406 0.0319485 0.0236265 0.030976 0.0276836 0.0465167 0.0504865
0.0407546 0.0304625 0.032422 0.0268406 0.0 0.0251751 0.020987 0.0276382 0.0209756 0.0385111 0.0394649
0.0425285 0.0382181 0.0398161 0.0319485 0.0251751 0.0 0.0246199 0.0288844 0.0230646 0.0434381 0.0433167
0.040026 0.029363 0.028985 0.0236265 0.020987 0.0246199 0.0 0.00743274 0.011715 0.0260157 0.0209124
0.0460072 0.0311819 0.0374709 0.030976 0.0276382 0.0288844 0.00743274 0.0 0.01441 0.0261544 0.0233857
0.0407953 0.030744 0.033733 0.0276836 0.0209756 0.0230646 0.011715 0.01441 0.0 0.0287038 0.0302168
0.0577773 0.038959 0.0455603 0.0465167 0.0385111 0.0434381 0.0260157 0.0261544 0.0287038 0.0 0.0247308
0.0580103 0.0430802 0.0476114 0.0504865 0.0394649 0.0433167 0.0209124 0.0233857 0.0302168 0.0247308 0.0
