11
0.0 0.0121817 0.010468 0.0110095 0.00927757 0.00948805 0.010097 0.0184864 0.0184652 0.0181239 0.0158827
0.0121817 0.0 0.00936961 0.0091492 0.00720285 0.00893236 0.00893713 0.0187851 0.018675 0.0188763 0.017343
0.010468 0.00936961 0.0 5.55112e-17 0.00691532 0.0068765 0.00802352 0.0151035 0.0150691 0.016802 0.014743
0.0110095 0.0091492 5.55112e-17 0.0 0.00585712 0.00695306 0.00765871 0.0140276 0.0141741 0.0154121 0.0142635
0.00927757 0.00720285 0.00691532 0.00585712 0.0 0.00397871 0.00453495 0.0153804 0.0152752 0.0145982 0.0153293
0.00948805 0.00893236 0.0068765 0.00695306 0.00397871 0.0 0.00242343 0.0163326 0.0161994 0.0168558 0.0152805
0.010097 0.00893713 0.00802352 0.00765871 0.00453495 0.00242343 0.0 0.0141272 0.0140784 0.0140466 0.0137068
0.0184864 0.0187851 0.0151035 0.0140276 0.0153804 0.0163326 0.0141272 0.0 0.00216775 0.0104825 0.0104293
0.0184652 0.018675 0.0150691 0.0141741 0.0152752 0.0161994 0.0140784 0.00216775 0.0 0.0102142 0.0102099
0.0181239 0.0188763 0.016802 0.0154121 0.0145982 0.0168558 0.0140466 0.0104825 0.0102142 0.0 0.00540314
0.0158827 0.017343 0.014743 0.0142635 0.0153293 0.0152805 0.0137068 0.0104293 0.0102099 0.00540314 0.0
