14
0.0 0.0130003 0.0090773 0.0135272 0.0164381 0.0147174 0.00943155 0.00798395 0.0134792 0.0046528 0.00428009 0.0133962 0.0146341 0.0160713
0.0130003 0.0 0.0119499 0.0198017 0.0182178 0.0113263 0.00767332 0.0173035 0.0134402 0.0118916 0.0105761 0.0159711 0.0214906 0.0159821
0.0090773 0.0119499 0.0 0.0121466 0.0140504 0.012555 0.00773439 0.00966624 0.0119399 0.00502141 0.00430848 0.0117573 0.0157457 0.0113175
0.0135272 0.0198017 0.0121466 0.0 0.0093568 0.0189139 0.0181182 0.0160293 0.0172028 0.0143379 0.0135571 0.0183506 0.0238238 0.0211747
0.0164381 0.0182178 0.0140504 0.0093568 0.0 0.0196443 0.0178919 0.0166524 0.0173082 0.0129675 0.012724 0.0186523 0.022386 0.0218803
0.0147174 0.0113263 0.012555 0.0189139 0.0196443 0.0 0.0071798 0.0154693 0.0146492 0.00261537 0.00343859 0.0172532 0.0180479 0.0132865
0.00943155 0.00767332 0.00773439 0.0181182 0.0178919 0.0071798 0.0 0.0160932 0.0155408 0.0119445 0.00997603 0.0171653 0.0196752 0.0174739
0.00798395 0.0173035 0.00966624 0.0160293 0.0166524 0.0154693 0.0160932 0.0 0.0128541 0.00892551 0.00840418 0.0127326 0.0154006 0.0131229
0.0134792 0.0134402 0.0119399 0.0172028 0.0173082 0.0146492 0.0155408 0.0128541 0.0 0.00921274 0.00937445 0.00502193 0.0193452 0.0158192
0.0046528 0.0118916 0.00502141 0.0143379 0.0129675 0.00261537 0.0119445 0.00892551 0.00921274 0.0 0.00165387 0.0143149 0.025071 0.0146113
0.00428009 0.0105761 0.00430848 0.0135571 0.012724 0.00343859 0.00997603 0.00840418 0.00937445 0.00165387 0.0 0.0148789 0.024417 0.0169878
0.0133962 0.0159711 0.0117573 0.0183506 0.0186523 0.0172532 0.0171653 0.0127326 0.00502193 0.0143149 0.0148789 0.0 0.0215363 0.0188947
0.0146341 0.0214906 0.0157457 0.0238238 0.022386 0.0180479 0.0196752 0.0154006 0.0193452 0.025071 0.024417 0.0215363 0.0 0.022165
0.0160713 0.0159821 0.0113175 0.0211747 0.0218803 0.0132865 0.0174739 0.0131229 0.0158192 0.0146113 0.0169878 0.0188947 0.022165 0.0
