17
0 7 5 4 4 6 4 6 5 5 5 7 5 4 5 7 7 
7 0 8 9 9 5 9 5 8 6 8 4 8 9 6 2 4 
5 8 0 7 7 7 7 7 4 6 4 8 2 7 6 8 8 
4 9 7 0 4 8 4 8 7 7 7 9 7 2 7 9 9 
4 9 7 4 0 8 2 8 7 7 7 9 7 4 7 9 9 
6 5 7 8 8 0 8 2 7 5 7 5 7 8 5 5 5 
4 9 7 4 2 8 0 8 7 7 7 9 7 4 7 9 9 
6 5 7 8 8 2 8 0 7 5 7 5 7 8 5 5 5 
5 8 4 7 7 7 7 7 0 6 2 8 4 7 6 8 8 
5 6 6 7 7 5 7 5 6 0 6 6 6 7 2 6 6 
5 8 4 7 7 7 7 7 2 6 0 8 4 7 6 8 8 
7 4 8 9 9 5 9 5 8 6 8 0 8 9 6 4 2 
5 8 2 7 7 7 7 7 4 6 4 8 0 7 6 8 8 
4 9 7 2 4 8 4 8 7 7 7 9 7 0 7 9 9 
5 6 6 7 7 5 7 5 6 2 6 6 6 7 0 6 6 
7 2 8 9 9 5 9 5 8 6 8 4 8 9 6 0 4 
7 4 8 9 9 5 9 5 8 6 8 2 8 9 6 4 0 
