18
0 7 5 5 2 5 9 8 8 7 7 7 7 4 8 7 9 5 
7 0 6 6 7 8 4 7 3 6 4 4 6 7 7 6 4 8 
5 6 0 2 5 6 8 7 7 6 6 6 6 5 7 6 8 6 
5 6 2 0 5 6 8 7 7 6 6 6 6 5 7 6 8 6 
2 7 5 5 0 5 9 8 8 7 7 7 7 4 8 7 9 5 
5 8 6 6 5 0 10 9 9 8 8 8 8 3 9 8 10 2 
9 4 8 8 9 10 0 9 3 8 6 6 8 9 9 8 2 10 
8 7 7 7 8 9 9 0 8 5 7 7 3 8 2 5 9 9 
8 3 7 7 8 9 3 8 0 7 5 5 7 8 8 7 3 9 
7 6 6 6 7 8 8 5 7 0 6 6 4 7 5 2 8 8 
7 4 6 6 7 8 6 7 5 6 0 2 6 7 7 6 6 8 
7 4 6 6 7 8 6 7 5 6 2 0 6 7 7 6 6 8 
7 6 6 6 7 8 8 3 7 4 6 6 0 7 3 4 8 8 
4 7 5 5 4 3 9 8 8 7 7 7 7 0 8 7 9 3 
8 7 7 7 8 9 9 2 8 5 7 7 3 8 0 5 9 9 
7 6 6 6 7 8 8 5 7 2 6 6 4 7 5 0 8 8 
9 4 8 8 9 10 2 9 3 8 6 6 8 9 9 8 0 10 
5 8 6 6 5 2 10 9 9 8 8 8 8 3 9 8 10 0 
