16
0 7 5 5 2 4 8 8 8 7 7 7 7 4 8 7 
7 0 6 6 7 7 3 7 3 6 4 4 6 7 7 6 
5 6 0 2 5 5 7 7 7 6 6 6 6 5 7 6 
5 6 2 0 5 5 7 7 7 6 6 6 6 5 7 6 
2 7 5 5 0 4 8 8 8 7 7 7 7 4 8 7 
4 7 5 5 4 0 8 8 8 7 7 7 7 2 8 7 
8 3 7 7 8 8 0 8 2 7 5 5 7 8 8 7 
8 7 7 7 8 8 8 0 8 5 7 7 3 8 2 5 
8 3 7 7 8 8 2 8 0 7 5 5 7 8 8 7 
7 6 6 6 7 7 7 5 7 0 6 6 4 7 5 2 
7 4 6 6 7 7 5 7 5 6 0 2 6 7 7 6 
7 4 6 6 7 7 5 7 5 6 2 0 6 7 7 6 
7 6 6 6 7 7 7 3 7 4 6 6 0 7 3 4 
4 7 5 5 4 2 8 8 8 7 7 7 7 0 8 7 
8 7 7 7 8 8 8 2 8 5 7 7 3 8 0 5 
7 6 6 6 7 7 7 5 7 2 6 6 4 7 5 0 
