18
0 2 5 6 6 4 4 5 8 9 9 8 9 9 8 9 9 7 
2 0 5 6 6 4 4 5 8 9 9 8 9 9 8 9 9 7 
5 5 0 3 3 5 5 4 7 8 8 7 8 8 7 8 8 6 
6 6 3 0 2 6 6 5 8 9 9 8 9 9 8 9 9 7 
6 6 3 2 0 6 6 5 8 9 9 8 9 9 8 9 9 7 
4 4 5 6 6 0 2 5 8 9 9 8 9 9 8 9 9 7 
4 4 5 6 6 2 0 5 8 9 9 8 9 9 8 9 9 7 
5 5 4 5 5 5 5 0 5 6 6 5 6 6 5 6 6 4 
8 8 7 8 8 8 8 5 0 3 3 4 5 5 6 7 7 5 
9 9 8 9 9 9 9 6 3 0 2 5 6 6 7 8 8 6 
9 9 8 9 9 9 9 6 3 2 0 5 6 6 7 8 8 6 
8 8 7 8 8 8 8 5 4 5 5 0 3 3 6 7 7 5 
9 9 8 9 9 9 9 6 5 6 6 3 0 2 7 8 8 6 
9 9 8 9 9 9 9 6 5 6 6 3 2 0 7 8 8 6 
8 8 7 8 8 8 8 5 6 7 7 6 7 7 0 3 3 3 
9 9 8 9 9 9 9 6 7 8 8 7 8 8 3 0 2 4 
9 9 8 9 9 9 9 6 7 8 8 7 8 8 3 2 0 4 
7 7 6 7 7 7 7 4 5 6 6 5 6 6 3 4 4 0 
