19
0 6 5 8 4 6 6 11 9 11 8 10 8 6 7 8 8 2 4 
6 0 7 6 6 8 8 9 7 9 6 8 6 2 5 6 6 6 4 
5 7 0 9 3 3 3 12 10 12 9 11 9 7 8 9 9 5 5 
8 6 9 0 8 10 10 7 5 7 4 6 2 6 5 6 6 8 6 
4 6 3 8 0 4 4 11 9 11 8 10 8 6 7 8 8 4 4 
6 8 3 10 4 0 2 13 11 13 10 12 10 8 9 10 10 6 6 
6 8 3 10 4 2 0 13 11 13 10 12 10 8 9 10 10 6 6 
11 9 12 7 11 13 13 0 4 2 5 3 7 9 8 9 9 11 9 
9 7 10 5 9 11 11 4 0 4 3 3 5 7 6 7 7 9 7 
11 9 12 7 11 13 13 2 4 0 5 3 7 9 8 9 9 11 9 
8 6 9 4 8 10 10 5 3 5 0 4 4 6 5 6 6 8 6 
10 8 11 6 10 12 12 3 3 3 4 0 6 8 7 8 8 10 8 
8 6 9 2 8 10 10 7 5 7 4 6 0 6 5 6 6 8 6 
6 2 7 6 6 8 8 9 7 9 6 8 6 0 5 6 6 6 4 
7 5 8 5 7 9 9 8 6 8 5 7 5 5 0 3 3 7 5 
8 6 9 6 8 10 10 9 7 9 6 8 6 6 3 0 2 8 6 
8 6 9 6 8 10 10 9 7 9 6 8 6 6 3 2 0 8 6 
2 6 5 8 4 6 6 11 9 11 8 10 8 6 7 8 8 0 4 
4 4 5 6 4 6 6 9 7 9 6 8 6 4 5 6 6 4 0 
