17
0 6 4 5 3 5 5 6 5 6 5 5 5 6 6 7 7 
6 0 8 5 7 9 9 8 7 8 7 7 5 2 4 5 5 
4 8 0 7 3 3 3 8 7 8 7 7 7 8 8 9 9 
5 5 7 0 6 8 8 7 6 7 6 6 2 5 5 6 6 
3 7 3 6 0 4 4 7 6 7 6 6 6 7 7 8 8 
5 9 3 8 4 0 2 9 8 9 8 8 8 9 9 10 10 
5 9 3 8 4 2 0 9 8 9 8 8 8 9 9 10 10 
6 8 8 7 7 9 9 0 5 2 5 3 7 8 8 9 9 
5 7 7 6 6 8 8 5 0 5 2 4 6 7 7 8 8 
6 8 8 7 7 9 9 2 5 0 5 3 7 8 8 9 9 
5 7 7 6 6 8 8 5 2 5 0 4 6 7 7 8 8 
5 7 7 6 6 8 8 3 4 3 4 0 6 7 7 8 8 
5 5 7 2 6 8 8 7 6 7 6 6 0 5 5 6 6 
6 2 8 5 7 9 9 8 7 8 7 7 5 0 4 5 5 
6 4 8 5 7 9 9 8 7 8 7 7 5 4 0 3 3 
7 5 9 6 8 10 10 9 8 9 8 8 6 5 3 0 2 
7 5 9 6 8 10 10 9 8 9 8 8 6 5 3 2 0 
