19
0 5 5 5 4 2 6 6 5 8 9 9 9 8 9 9 7 9 8 
5 0 6 6 5 5 5 5 4 5 6 6 6 5 6 6 4 6 5 
5 6 0 2 3 5 7 7 6 9 10 10 10 9 10 10 8 10 9 
5 6 2 0 3 5 7 7 6 9 10 10 10 9 10 10 8 10 9 
4 5 3 3 0 4 6 6 5 8 9 9 9 8 9 9 7 9 8 
2 5 5 5 4 0 6 6 5 8 9 9 9 8 9 9 7 9 8 
6 5 7 7 6 6 0 2 3 8 9 9 9 8 9 9 7 9 8 
6 5 7 7 6 6 2 0 3 8 9 9 9 8 9 9 7 9 8 
5 4 6 6 5 5 3 3 0 7 8 8 8 7 8 8 6 8 7 
8 5 9 9 8 8 8 8 7 0 3 3 7 6 7 7 3 7 6 
9 6 10 10 9 9 9 9 8 3 0 2 8 7 8 8 4 8 7 
9 6 10 10 9 9 9 9 8 3 2 0 8 7 8 8 4 8 7 
9 6 10 10 9 9 9 9 8 7 8 8 0 3 2 6 6 6 5 
8 5 9 9 8 8 8 8 7 6 7 7 3 0 3 5 5 5 4 
9 6 10 10 9 9 9 9 8 7 8 8 2 3 0 6 6 6 5 
9 6 10 10 9 9 9 9 8 7 8 8 6 5 6 0 6 2 3 
7 4 8 8 7 7 7 7 6 3 4 4 6 5 6 6 0 6 5 
9 6 10 10 9 9 9 9 8 7 8 8 6 5 6 2 6 0 3 
8 5 9 9 8 8 8 8 7 6 7 7 5 4 5 3 5 3 0 
