17
0 5 5 5 4 2 6 6 5 9 10 10 9 6 9 8 8 
5 0 6 6 5 5 5 5 4 6 7 7 6 3 6 5 5 
5 6 0 2 3 5 7 7 6 10 11 11 10 7 10 9 9 
5 6 2 0 3 5 7 7 6 10 11 11 10 7 10 9 9 
4 5 3 3 0 4 6 6 5 9 10 10 9 6 9 8 8 
2 5 5 5 4 0 6 6 5 9 10 10 9 6 9 8 8 
6 5 7 7 6 6 0 2 3 9 10 10 9 6 9 8 8 
6 5 7 7 6 6 2 0 3 9 10 10 9 6 9 8 8 
5 4 6 6 5 5 3 3 0 8 9 9 8 5 8 7 7 
9 6 10 10 9 9 9 9 8 0 3 3 6 5 6 5 3 
10 7 11 11 10 10 10 10 9 3 0 2 7 6 7 6 4 
10 7 11 11 10 10 10 10 9 3 2 0 7 6 7 6 4 
9 6 10 10 9 9 9 9 8 6 7 7 0 5 2 3 5 
6 3 7 7 6 6 6 6 5 5 6 6 5 0 5 4 4 
9 6 10 10 9 9 9 9 8 6 7 7 2 5 0 3 5 
8 5 9 9 8 8 8 8 7 5 6 6 3 4 3 0 4 
8 5 9 9 8 8 8 8 7 3 4 4 5 4 5 4 0 
