20
0 3 5 5 4 4 6 6 5 8 9 9 7 8 8 7 7 7 6 4 
3 0 6 6 5 5 7 7 6 7 8 8 6 7 7 6 6 6 5 3 
5 6 0 2 3 5 7 7 6 11 12 12 10 11 11 10 10 10 9 7 
5 6 2 0 3 5 7 7 6 11 12 12 10 11 11 10 10 10 9 7 
4 5 3 3 0 4 6 6 5 10 11 11 9 10 10 9 9 9 8 6 
4 5 5 5 4 0 4 4 3 10 11 11 9 10 10 9 9 9 8 6 
6 7 7 7 6 4 0 2 3 12 13 13 11 12 12 11 11 11 10 8 
6 7 7 7 6 4 2 0 3 12 13 13 11 12 12 11 11 11 10 8 
5 6 6 6 5 3 3 3 0 11 12 12 10 11 11 10 10 10 9 7 
8 7 11 11 10 10 12 12 11 0 3 3 5 6 6 7 3 7 6 6 
9 8 12 12 11 11 13 13 12 3 0 2 6 7 7 8 4 8 7 7 
9 8 12 12 11 11 13 13 12 3 2 0 6 7 7 8 4 8 7 7 
7 6 10 10 9 9 11 11 10 5 6 6 0 3 3 6 4 6 5 5 
8 7 11 11 10 10 12 12 11 6 7 7 3 0 2 7 5 7 6 6 
8 7 11 11 10 10 12 12 11 6 7 7 3 2 0 7 5 7 6 6 
7 6 10 10 9 9 11 11 10 7 8 8 6 7 7 0 6 2 3 5 
7 6 10 10 9 9 11 11 10 3 4 4 4 5 5 6 0 6 5 5 
7 6 10 10 9 9 11 11 10 7 8 8 6 7 7 2 6 0 3 5 
6 5 9 9 8 8 10 10 9 6 7 7 5 6 6 3 5 3 0 4 
4 3 7 7 6 6 8 8 7 6 7 7 5 6 6 5 5 5 4 0 
