16
0 5 5 5 4 2 6 6 5 8 9 9 8 6 9 9 
5 0 6 6 5 5 5 5 4 5 6 6 5 3 6 6 
5 6 0 2 3 5 7 7 6 9 10 10 9 7 10 10 
5 6 2 0 3 5 7 7 6 9 10 10 9 7 10 10 
4 5 3 3 0 4 6 6 5 8 9 9 8 6 9 9 
2 5 5 5 4 0 6 6 5 8 9 9 8 6 9 9 
6 5 7 7 6 6 0 2 3 8 9 9 8 6 9 9 
6 5 7 7 6 6 2 0 3 8 9 9 8 6 9 9 
5 4 6 6 5 5 3 3 0 7 8 8 7 5 8 8 
8 5 9 9 8 8 8 8 7 0 3 3 4 4 5 5 
9 6 10 10 9 9 9 9 8 3 0 2 5 5 6 6 
9 6 10 10 9 9 9 9 8 3 2 0 5 5 6 6 
8 5 9 9 8 8 8 8 7 4 5 5 0 4 3 3 
6 3 7 7 6 6 6 6 5 4 5 5 4 0 5 5 
9 6 10 10 9 9 9 9 8 5 6 6 3 5 0 2 
9 6 10 10 9 9 9 9 8 5 6 6 3 5 2 0 
