18
0 4 4 4 5 6 6 5 5 7 5 7 9 9 7 9 9 3 
4 0 4 4 3 4 4 7 7 9 7 9 11 11 9 11 11 5 
4 4 0 2 5 6 6 7 7 9 7 9 11 11 9 11 11 5 
4 4 2 0 5 6 6 7 7 9 7 9 11 11 9 11 11 5 
5 3 5 5 0 3 3 8 8 10 8 10 12 12 10 12 12 6 
6 4 6 6 3 0 2 9 9 11 9 11 13 13 11 13 13 7 
6 4 6 6 3 2 0 9 9 11 9 11 13 13 11 13 13 7 
5 7 7 7 8 9 9 0 2 6 4 6 8 8 6 8 8 4 
5 7 7 7 8 9 9 2 0 6 4 6 8 8 6 8 8 4 
7 9 9 9 10 11 11 6 6 0 4 2 6 6 4 6 6 6 
5 7 7 7 8 9 9 4 4 4 0 4 6 6 4 6 6 4 
7 9 9 9 10 11 11 6 6 2 4 0 6 6 4 6 6 6 
9 11 11 11 12 13 13 8 8 6 6 6 0 2 4 4 4 8 
9 11 11 11 12 13 13 8 8 6 6 6 2 0 4 4 4 8 
7 9 9 9 10 11 11 6 6 4 4 4 4 4 0 4 4 6 
9 11 11 11 12 13 13 8 8 6 6 6 4 4 4 0 2 8 
9 11 11 11 12 13 13 8 8 6 6 6 4 4 4 2 0 8 
3 5 5 5 6 7 7 4 4 6 4 6 8 8 6 8 8 0 
