16
0 4 4 4 5 6 6 4 4 6 4 6 8 8 6 7 
4 0 4 4 3 4 4 6 6 8 6 8 10 10 8 9 
4 4 0 2 5 6 6 6 6 8 6 8 10 10 8 9 
4 4 2 0 5 6 6 6 6 8 6 8 10 10 8 9 
5 3 5 5 0 3 3 7 7 9 7 9 11 11 9 10 
6 4 6 6 3 0 2 8 8 10 8 10 12 12 10 11 
6 4 6 6 3 2 0 8 8 10 8 10 12 12 10 11 
4 6 6 6 7 8 8 0 2 6 4 6 8 8 6 7 
4 6 6 6 7 8 8 2 0 6 4 6 8 8 6 7 
6 8 8 8 9 10 10 6 6 0 4 2 6 6 4 5 
4 6 6 6 7 8 8 4 4 4 0 4 6 6 4 5 
6 8 8 8 9 10 10 6 6 2 4 0 6 6 4 5 
8 10 10 10 11 12 12 8 8 6 6 6 0 2 4 3 
8 10 10 10 11 12 12 8 8 6 6 6 2 0 4 3 
6 8 8 8 9 10 10 6 6 4 4 4 4 4 0 3 
7 9 9 9 10 11 11 7 7 5 5 5 3 3 3 0 
