17
0 8 6 6 6 9 8 3 8 9 8 9 2 5 9 7 6 
8 0 4 6 6 5 2 7 10 5 4 11 8 7 11 9 8 
6 4 0 4 4 5 4 5 8 5 4 9 6 5 9 7 6 
6 6 4 0 2 7 6 5 8 7 6 9 6 5 9 7 6 
6 6 4 2 0 7 6 5 8 7 6 9 6 5 9 7 6 
9 5 5 7 7 0 5 8 11 2 3 12 9 8 12 10 9 
8 2 4 6 6 5 0 7 10 5 4 11 8 7 11 9 8 
3 7 5 5 5 8 7 0 7 8 7 8 3 4 8 6 5 
8 10 8 8 8 11 10 7 0 11 10 3 8 5 3 3 4 
9 5 5 7 7 2 5 8 11 0 3 12 9 8 12 10 9 
8 4 4 6 6 3 4 7 10 3 0 11 8 7 11 9 8 
9 11 9 9 9 12 11 8 3 12 11 0 9 6 2 4 5 
2 8 6 6 6 9 8 3 8 9 8 9 0 5 9 7 6 
5 7 5 5 5 8 7 4 5 8 7 6 5 0 6 4 3 
9 11 9 9 9 12 11 8 3 12 11 2 9 6 0 4 5 
7 9 7 7 7 10 9 6 3 10 9 4 7 4 4 0 3 
6 8 6 6 6 9 8 5 4 9 8 5 6 3 5 3 0 
