20
0 8 6 6 6 9 8 2 8 9 8 9 3 5 9 7 7 9 9 8 
8 0 4 6 6 5 2 8 10 5 4 11 7 7 11 9 9 11 11 10 
6 4 0 4 4 5 4 6 8 5 4 9 5 5 9 7 7 9 9 8 
6 6 4 0 2 7 6 6 8 7 6 9 5 5 9 7 7 9 9 8 
6 6 4 2 0 7 6 6 8 7 6 9 5 5 9 7 7 9 9 8 
9 5 5 7 7 0 5 9 11 2 3 12 8 8 12 10 10 12 12 11 
8 2 4 6 6 5 0 8 10 5 4 11 7 7 11 9 9 11 11 10 
2 8 6 6 6 9 8 0 8 9 8 9 3 5 9 7 7 9 9 8 
8 10 8 8 8 11 10 8 0 11 10 3 7 5 3 3 5 7 7 6 
9 5 5 7 7 2 5 9 11 0 3 12 8 8 12 10 10 12 12 11 
8 4 4 6 6 3 4 8 10 3 0 11 7 7 11 9 9 11 11 10 
9 11 9 9 9 12 11 9 3 12 11 0 8 6 2 4 6 8 8 7 
3 7 5 5 5 8 7 3 7 8 7 8 0 4 8 6 6 8 8 7 
5 7 5 5 5 8 7 5 5 8 7 6 4 0 6 4 4 6 6 5 
9 11 9 9 9 12 11 9 3 12 11 2 8 6 0 4 6 8 8 7 
7 9 7 7 7 10 9 7 3 10 9 4 6 4 4 0 4 6 6 5 
7 9 7 7 7 10 9 7 5 10 9 6 6 4 6 4 0 4 4 3 
9 11 9 9 9 12 11 9 7 12 11 8 8 6 8 6 4 0 2 3 
9 11 9 9 9 12 11 9 7 12 11 8 8 6 8 6 4 2 0 3 
8 10 8 8 8 11 10 8 6 11 10 7 7 5 7 5 3 3 3 0 
