18
0 4 4 6 6 4 4 7 10 4 3 11 8 7 11 9 8 8 
4 0 4 6 6 6 2 7 10 6 5 11 8 7 11 9 8 8 
4 4 0 4 4 6 4 5 8 6 5 9 6 5 9 7 6 6 
6 6 4 0 2 8 6 5 8 8 7 9 6 5 9 7 6 6 
6 6 4 2 0 8 6 5 8 8 7 9 6 5 9 7 6 6 
4 6 6 8 8 0 6 9 12 2 3 13 10 9 13 11 10 10 
4 2 4 6 6 6 0 7 10 6 5 11 8 7 11 9 8 8 
7 7 5 5 5 9 7 0 7 9 8 8 5 2 8 6 5 5 
10 10 8 8 8 12 10 7 0 12 11 3 6 7 3 3 4 6 
4 6 6 8 8 2 6 9 12 0 3 13 10 9 13 11 10 10 
3 5 5 7 7 3 5 8 11 3 0 12 9 8 12 10 9 9 
11 11 9 9 9 13 11 8 3 13 12 0 7 8 2 4 5 7 
8 8 6 6 6 10 8 5 6 10 9 7 0 5 7 5 4 2 
7 7 5 5 5 9 7 2 7 9 8 8 5 0 8 6 5 5 
11 11 9 9 9 13 11 8 3 13 12 2 7 8 0 4 5 7 
9 9 7 7 7 11 9 6 3 11 10 4 5 6 4 0 3 5 
8 8 6 6 6 10 8 5 4 10 9 5 4 5 5 3 0 4 
8 8 6 6 6 10 8 5 6 10 9 7 2 5 7 5 4 0 
