16
0 8 6 6 6 9 8 3 7 9 8 8 2 5 8 6 
8 0 4 6 6 5 2 7 9 5 4 10 8 7 10 8 
6 4 0 4 4 5 4 5 7 5 4 8 6 5 8 6 
6 6 4 0 2 7 6 5 7 7 6 8 6 5 8 6 
6 6 4 2 0 7 6 5 7 7 6 8 6 5 8 6 
9 5 5 7 7 0 5 8 10 2 3 11 9 8 11 9 
8 2 4 6 6 5 0 7 9 5 4 10 8 7 10 8 
3 7 5 5 5 8 7 0 6 8 7 7 3 4 7 5 
7 9 7 7 7 10 9 6 0 10 9 3 7 4 3 3 
9 5 5 7 7 2 5 8 10 0 3 11 9 8 11 9 
8 4 4 6 6 3 4 7 9 3 0 10 8 7 10 8 
8 10 8 8 8 11 10 7 3 11 10 0 8 5 2 4 
2 8 6 6 6 9 8 3 7 9 8 8 0 5 8 6 
5 7 5 5 5 8 7 4 4 8 7 5 5 0 5 3 
8 10 8 8 8 11 10 7 3 11 10 2 8 5 0 4 
6 8 6 6 6 9 8 5 3 9 8 4 6 3 4 0 
